Eigvals	92
3.9049790047054858	0.9190430497555058	0.5462130406538293	0.4561281065261571	0.4075844636133156	0.28696826004555775	0.2796344117225733	0.2218566895639298	0.18932334231469994	0.14944596215617034	0.13749560974992903	0.11986476303208199	0.09981650580227772	0.0836638965613106	0.04871593523968526	0.04209888627829175	0.03367800824764278	0.02777070678076793	0.022604656666576656	0.019750889988293607	0.017790981102091902	0.014179480405279554	0.010524639001541963	0.008091099985777561	0.0064949758697740445	0.0058271759635769305	0.003578887240486023	0.00266101799822846	0.0017851311847529583	0.001375423739233661	0.0010301976623126319	0.0006067946751193987	0.0004052713131945607	0.00031746622145861585	0.0	0.0	0.0	0.0	0.0	0.0	0.0	0.0	0.0	0.0	0.0	0.0	0.0	0.0	0.0	0.0	0.0	0.0	0.0	0.0	0.0	0.0	0.0	0.0	0.0	0.0	0.0	0.0	0.0	0.0	0.0	0.0	0.0	0.0	0.0	0.0	0.0	0.0	0.0	0.0	0.0	0.0	0.0	0.0	0.0	0.0	0.0	0.0	0.0	0.0	0.0	0.0	0.0	0.0	0.0	0.0	0.0	0.0

Proportion explained	92
0.48381013163043296	0.11386548771208586	0.06767345042791567	0.05651231389281282	0.05049796497078734	0.03555413524607895	0.03464550292866439	0.027487091237027615	0.023456349203315813	0.018515713025675184	0.017035115674517407	0.014850729468845376	0.012366836480528547	0.01036559755104123	0.006035695201539085	0.0052158712472593965	0.004172560616512645	0.0034406713293166132	0.0028006199019607837	0.00244705046391798	0.0022042261683009492	0.001756776738892311	0.0013039575819903389	0.0010024525469757993	0.0008046996223809049	0.0007219620813773051	0.00044340876220424385	0.00032968870420110245	0.00022117008886147831	0.00017040909554812004	0.00012763706693640206	7.517925481504693e-05	5.021137556602223e-05	3.933270171415253e-05	0.0	0.0	0.0	0.0	0.0	0.0	0.0	0.0	0.0	0.0	0.0	0.0	0.0	0.0	0.0	0.0	0.0	0.0	0.0	0.0	0.0	0.0	0.0	0.0	0.0	0.0	0.0	0.0	0.0	0.0	0.0	0.0	0.0	0.0	0.0	0.0	0.0	0.0	0.0	0.0	0.0	0.0	0.0	0.0	0.0	0.0	0.0	0.0	0.0	0.0	0.0	0.0	0.0	0.0	0.0	0.0	0.0	0.0

Species	0	0

Site	92	92
G1-110	0.23925916670448044	-0.15565109657068674	-0.06835483383060643	-0.017254647606871596	0.0766069291066721	-0.034802513941608396	-0.019155960281782916	0.00828182270108421	0.0027962152452916554	0.0650996384723941	-0.028780347390561876	0.008719900814498478	0.004241343541572659	0.009318578577981684	-0.00023152541230566355	-0.00405314108111726	0.005899794770245456	-0.0027032281266183562	0.0004027114314526001	-0.004228420441497179	0.010124954800099466	0.01567031382848928	0.005105299901682532	-0.008585566593317455	-0.008727872947158521	0.00392216666200105	-0.0024891142346154553	-0.0028615925463452824	0.004310718053085537	-0.0002949156603526129	-0.0011267041621623476	0.0009810352405893244	-0.00011294247701746783	0.00041751632052472465	0.0	-0.0	-0.0	0.0	-0.0	0.0	0.0	-0.0	0.0	0.0	0.0	0.0	0.0	0.0	0.0	0.0	0.0	0.0	0.0	0.0	0.0	0.0	0.0	0.0	0.0	0.0	0.0	0.0	0.0	0.0	0.0	0.0	0.0	0.0	0.0	0.0	0.0	0.0	0.0	0.0	0.0	0.0	0.0	0.0	0.0	0.0	0.0	0.0	0.0	0.0	0.0	0.0	0.0	0.0	0.0	0.0	0.0	0.0
G1-111	-0.2997256216008252	-0.0467758783089944	0.06546990906836757	0.011882576977821972	-0.02506433846502527	-0.05920690618824136	0.08139127298271416	0.026221153534407935	0.017747965070888914	-0.08988380693252046	-0.08030097938363014	-0.03571788439614088	-0.029852074433663344	-0.024442852944063648	0.028194763209603384	-0.03818173545075795	-0.033233998830666675	-0.09040162822950418	-0.0020364664966250686	0.005385984252759839	0.030131301861639696	0.03660400252817205	-0.020392184854412458	0.010929320991031638	0.0004286021192318074	-0.007567581787633533	0.00859156583028957	0.0002577149958130634	0.0002939714567891613	0.0002280259881903474	0.0008600739548748087	0.0006048860681725151	0.0003644906266264246	-0.00016411897246737894	0.0	0.0	-0.0	-0.0	-0.0	-0.0	0.0	-0.0	0.0	0.0	0.0	0.0	0.0	0.0	0.0	0.0	0.0	0.0	0.0	0.0	0.0	0.0	0.0	0.0	0.0	0.0	0.0	0.0	0.0	0.0	0.0	0.0	0.0	0.0	0.0	0.0	0.0	0.0	0.0	0.0	0.0	0.0	0.0	0.0	0.0	0.0	0.0	0.0	0.0	0.0	0.0	0.0	0.0	0.0	0.0	0.0	0.0	0.0
G1-112	-0.29772269575716886	-0.13130201103401976	-0.10886229820781092	-0.014180520517296168	-0.015024145762073041	-0.0520824083756556	0.04057538227577414	-0.013973235281852674	0.031229321554303493	-0.010035230758827509	-0.03066059780394624	-0.01168046476565676	-0.02079238535385255	-0.06964038735524573	-0.019643123597046765	0.007857763881071182	0.016365972690894497	0.011620604970901558	-0.02530471589706822	0.005427677155413425	0.005894607863004006	0.01885439400644572	-0.007282799321231301	-0.00024180000373314966	0.004962850343463593	0.008936385480995904	-0.004239361914013938	0.001220851718688638	-0.0006123417619989995	-0.001666465304452694	0.0013410382501095454	-0.0006367352344223766	0.0011413306032314696	0.0003732476102733433	0.0	0.0	-0.0	-0.0	-0.0	-0.0	0.0	0.0	0.0	0.0	0.0	0.0	0.0	0.0	0.0	0.0	0.0	0.0	0.0	0.0	0.0	0.0	0.0	0.0	0.0	0.0	0.0	0.0	0.0	0.0	0.0	0.0	0.0	0.0	0.0	0.0	0.0	0.0	0.0	0.0	0.0	0.0	0.0	0.0	0.0	0.0	0.0	0.0	0.0	0.0	0.0	0.0	0.0	0.0	0.0	0.0	0.0	0.0
G1-114	0.1652148317059503	-0.019202476190443886	0.06542645139447481	-0.03272588607674377	0.052932971354976294	0.06834550629246573	0.043140803771115545	0.0012779441255066036	0.027658663067799804	-0.07193284176267734	-0.012528850734911584	-0.01103255936402895	0.043963296787513234	0.014025298634226082	0.016163336013325952	0.022590453661907876	0.0067177394438349535	-0.006195326750654388	-0.013224118082954772	-0.005615026413173339	0.007267565591134744	-0.007534998380212998	-0.004146907766168576	-0.011897511994231945	0.010549426355287049	0.010045891699098334	0.006603929615275166	-0.002096762869343144	-0.00915811477129569	-0.003082688058660615	0.0027452151821640257	-0.0038552933278495774	-0.0031028902833000515	0.0010138144993386033	0.0	-0.0	-0.0	-0.0	-0.0	-0.0	0.0	-0.0	0.0	0.0	0.0	0.0	0.0	0.0	0.0	0.0	0.0	0.0	0.0	0.0	0.0	0.0	0.0	0.0	0.0	0.0	0.0	0.0	0.0	0.0	0.0	0.0	0.0	0.0	0.0	0.0	0.0	0.0	0.0	0.0	0.0	0.0	0.0	0.0	0.0	0.0	0.0	0.0	0.0	0.0	0.0	0.0	0.0	0.0	0.0	0.0	0.0	0.0
G1-115	-0.0024631377098149635	-0.029400402377802483	0.16953573610275535	-0.08672560688245573	0.038385521797640175	-0.03716398821013445	-0.06318055162534093	-0.17740926168505528	-0.0774785765909127	-0.1038915225216474	0.024838840862531533	0.042879004443728365	0.026275685278915637	0.04506540430774025	-0.03555823736190877	-0.08070912601110532	-0.012916976784126654	0.03252344246329403	-0.017734537603036872	0.012660726888420586	-0.0011050670359769791	0.003953518429473406	-0.0034830324548998115	0.003147648643795814	0.01620521691952855	0.00787994298225512	-0.005921350758852189	0.001412088685454764	0.003294563088870322	-0.0014214744364161272	0.003424537400850963	0.0019602135542250475	0.000731517824436121	0.0009161428012682022	0.0	0.0	-0.0	-0.0	-0.0	-0.0	0.0	0.0	0.0	0.0	0.0	0.0	0.0	0.0	0.0	0.0	0.0	0.0	0.0	0.0	0.0	0.0	0.0	0.0	0.0	0.0	0.0	0.0	0.0	0.0	0.0	0.0	0.0	0.0	0.0	0.0	0.0	0.0	0.0	0.0	0.0	0.0	0.0	0.0	0.0	0.0	0.0	0.0	0.0	0.0	0.0	0.0	0.0	0.0	0.0	0.0	0.0	0.0
G1-116	0.06150673218159994	0.014661032974506556	0.10277110450947108	-0.14748659155325552	-0.09501337750812318	0.027969049093758067	-0.11176933973391452	0.01404033465387474	0.05983461485399237	-0.06575621106501144	-0.013805156166854196	0.012764792612101132	0.04307126548913605	0.0068904461861592926	-0.007973225602269915	0.013720819222462216	-0.010156889068274489	0.0011597362324272085	-0.024532246094467622	-0.022660935088799704	-0.008235527017487811	-0.014278742820897363	-0.005958124497223315	0.004399056950356272	-0.0004391368820075819	0.0005802001206096058	0.003076450748357422	-0.004663343361496248	-4.741766880776799e-05	9.574652365657287e-05	-0.0015686041442448302	0.00025175371211861214	-0.0006402296842555169	-0.00039925903743188697	0.0	-0.0	-0.0	-0.0	-0.0	-0.0	0.0	-0.0	0.0	0.0	0.0	0.0	0.0	0.0	0.0	0.0	0.0	0.0	0.0	0.0	0.0	0.0	0.0	0.0	0.0	0.0	0.0	0.0	0.0	0.0	0.0	0.0	0.0	0.0	0.0	0.0	0.0	0.0	0.0	0.0	0.0	0.0	0.0	0.0	0.0	0.0	0.0	0.0	0.0	0.0	0.0	0.0	0.0	0.0	0.0	0.0	0.0	0.0
G1-117	-0.19233889735877663	0.07455049901097437	-0.018783408777075777	0.019869752096552392	0.022283853801530813	-0.007419392945631804	-0.02710437272931419	-0.09991581564704231	-0.006655040857799978	0.048287671500716056	-0.08243060283662318	0.039903987973947605	-0.015437940790833857	0.04568085624636956	0.01799839852610554	0.07004718578058633	-0.023779304325460677	-0.005574363567189781	0.003713010546941629	-0.0029574596231454454	-0.006139995456674838	-0.00374122804500336	0.002184614322149127	0.005256384301272393	-0.005566534038611948	0.004066545357468655	-0.0014607015384722306	-0.0007021975048091306	0.0009244628003891092	0.001481071937042411	0.00048152331520784266	-0.0011528532179636188	0.0021064690596983376	0.0018758792490779844	0.0	0.0	-0.0	-0.0	-0.0	-0.0	0.0	0.0	0.0	0.0	0.0	0.0	0.0	0.0	0.0	0.0	0.0	0.0	0.0	0.0	0.0	0.0	0.0	0.0	0.0	0.0	0.0	0.0	0.0	0.0	0.0	0.0	0.0	0.0	0.0	0.0	0.0	0.0	0.0	0.0	0.0	0.0	0.0	0.0	0.0	0.0	0.0	0.0	0.0	0.0	0.0	0.0	0.0	0.0	0.0	0.0	0.0	0.0
G1-118	-0.19379482987574276	0.16647339099484307	-0.06859951994686844	0.057958553039988966	0.013935238287774045	-0.08106051688950039	-0.028514074836126595	-0.06572914688020243	-0.03307182280037069	0.0071876113938075924	-0.039560261199136734	0.026275522585768898	0.059719100182815475	0.013104674799233208	0.006101098011177155	0.05395619561807472	-0.023017272552581795	-0.002997573300745765	0.007133253386327375	-0.012562875470435466	0.0051791266666356	-0.0006037298105767285	0.004365368668135812	0.0012481096281303484	-0.003659347317044842	-0.003453675899158757	0.0002366005678531559	0.00018276351456265755	0.0017476089273303127	-0.0013965329299062798	0.0009704115260213009	-0.0006302032415233462	-0.0006989706735251682	-0.001166689352687173	0.0	-0.0	-0.0	-0.0	-0.0	-0.0	0.0	-0.0	0.0	0.0	0.0	0.0	0.0	0.0	0.0	0.0	0.0	0.0	0.0	0.0	0.0	0.0	0.0	0.0	0.0	0.0	0.0	0.0	0.0	0.0	0.0	0.0	0.0	0.0	0.0	0.0	0.0	0.0	0.0	0.0	0.0	0.0	0.0	0.0	0.0	0.0	0.0	0.0	0.0	0.0	0.0	0.0	0.0	0.0	0.0	0.0	0.0	0.0
G1-119	0.018432842901166833	-0.024986449443935004	0.0705896608677341	-0.14199023141268233	-0.2225994144400814	0.017860342498926592	0.05223639694546811	0.014231235749082013	-0.07997271009304843	0.02328007201733889	0.061306729946833616	-0.035101223372005025	0.008303354340331455	-0.02485308078821814	0.01918242116245121	0.008371112207309196	-0.007842243033009271	0.02009195395127723	0.019166680541047837	-0.015081912909799024	-0.03600714962997182	0.019077163567412233	-0.022928655176989037	-0.006225744095718436	0.005339381638420278	-0.0008459696754063052	-0.0017791652889252829	0.0011698491270496305	0.002432594748971759	-0.00044150373076632787	0.0011622640219819155	0.0002707886421477107	0.0007639787280850584	0.0002796283615346993	0.0	0.0	-0.0	-0.0	-0.0	-0.0	0.0	0.0	0.0	0.0	0.0	0.0	0.0	0.0	0.0	0.0	0.0	0.0	0.0	0.0	0.0	0.0	0.0	0.0	0.0	0.0	0.0	0.0	0.0	0.0	0.0	0.0	0.0	0.0	0.0	0.0	0.0	0.0	0.0	0.0	0.0	0.0	0.0	0.0	0.0	0.0	0.0	0.0	0.0	0.0	0.0	0.0	0.0	0.0	0.0	0.0	0.0	0.0
G1-120	0.028056165174207736	-0.0001335894112376253	-0.017691208464475017	-0.06116443696432313	-0.13272735215959425	0.07981270127544528	0.13519693309327774	0.06462049320075731	-0.05142262139782833	0.0427924049456412	-5.6522329020861505e-05	-0.055790960745802726	0.00902868156569242	0.0011786526772109946	0.007916697185382383	-0.0017539262228278968	-0.00215121503071056	0.009148751775672122	-0.011315913591128565	-0.00696075950337902	0.011087991857047641	-0.005855931587493429	0.0077523105903009	0.008771127068446795	-0.004187923106344192	-6.496959698100862e-05	0.0004705194690345432	0.0036369066745870777	-0.00025803579723523263	0.002492707078479821	-5.0988044369886156e-05	-0.000336207456925284	0.0008029958244928108	0.00013365821484915833	0.0	-0.0	-0.0	-0.0	-0.0	-0.0	0.0	0.0	0.0	0.0	0.0	0.0	0.0	0.0	0.0	0.0	0.0	0.0	0.0	0.0	0.0	0.0	0.0	0.0	0.0	0.0	0.0	0.0	0.0	0.0	0.0	0.0	0.0	0.0	0.0	0.0	0.0	0.0	0.0	0.0	0.0	0.0	0.0	0.0	0.0	0.0	0.0	0.0	0.0	0.0	0.0	0.0	0.0	0.0	0.0	0.0	0.0	0.0
G1-122	-0.16222281187187387	-0.0509872242262183	0.09655956474186873	0.021270927817728966	0.20565275113054624	0.004135097648373308	0.05126625907504641	-0.0008182920774232938	-0.06702470779055546	0.00455211617101985	0.05528940785383229	0.02132370312875032	0.01559826644210142	-0.015319872810309196	0.016796670805921985	0.011263250510068398	-0.016536270692651928	0.003275158810529871	0.022430863051090336	-0.01172151374484443	0.004231739436291537	-0.0024614079675170947	0.006562686791552372	0.0009118962831801678	-0.0046075361391506794	0.002174614874819801	0.0002481228832638565	0.000869463817913754	-0.002450611321406962	0.00015528279345233917	-0.0007417937065372077	-0.0013544755154580356	0.00028104391935019685	0.00012679034671066584	0.0	-0.0	-0.0	-0.0	-0.0	-0.0	0.0	-0.0	0.0	0.0	0.0	0.0	0.0	0.0	0.0	0.0	0.0	0.0	0.0	0.0	0.0	0.0	0.0	0.0	0.0	0.0	0.0	0.0	0.0	0.0	0.0	0.0	0.0	0.0	0.0	0.0	0.0	0.0	0.0	0.0	0.0	0.0	0.0	0.0	0.0	0.0	0.0	0.0	0.0	0.0	0.0	0.0	0.0	0.0	0.0	0.0	0.0	0.0
G1-123	-0.208367356408747	0.05315578302844661	0.01802984833822455	0.002330854401362616	0.048801572451783834	0.03844546236251567	-0.03856585210478164	-0.037568806075136955	0.023595843328759095	-0.00023518796379112602	-0.008405059296178057	-0.0379547808130971	-0.03417047077700362	0.011828559042120493	-0.017523905467914783	-0.032296659135872235	0.0003274750047943282	-0.01844743656219421	0.02828932952288364	-0.01942029165901953	0.004724142064711682	-0.010432787721387725	-0.0034554507845701715	-0.0070127250908001825	0.0020161533231265083	-0.01954948105083435	-0.012343174989851685	-0.005591589267081672	-0.0021993996130784863	0.0010093384410634323	-0.002291562060117547	-0.0004612579474801239	-0.0010425783354658256	-0.0001453447691158145	0.0	0.0	-0.0	-0.0	-0.0	-0.0	0.0	0.0	0.0	0.0	0.0	0.0	0.0	0.0	0.0	0.0	0.0	0.0	0.0	0.0	0.0	0.0	0.0	0.0	0.0	0.0	0.0	0.0	0.0	0.0	0.0	0.0	0.0	0.0	0.0	0.0	0.0	0.0	0.0	0.0	0.0	0.0	0.0	0.0	0.0	0.0	0.0	0.0	0.0	0.0	0.0	0.0	0.0	0.0	0.0	0.0	0.0	0.0
G1-124	-0.20276741461922201	0.1468552061287097	-0.06694136011616617	0.053334485762856494	0.02038991393795809	-0.04166078701187686	-0.033605209897646274	-0.0010146076563582285	-0.019620722806175495	-0.00471344846225509	0.053191220243089844	0.0053922793404374645	-0.00697835698959346	-0.019225402381381786	-0.008721403124985896	-0.028665650368578863	-0.029097994310783824	0.0013212190293094585	0.03298442074893807	-0.012509848492433804	0.012172536276554702	-0.009785545250797412	-0.005645295205016391	0.005265321633873272	0.00394205641473178	0.005706925966454001	0.004168034539887487	0.0024293641935352835	0.002302246075257459	-0.0066272827841117364	-0.0071931074257030785	-0.0025253223765176807	0.002539097572930868	-0.0004252284883531149	0.0	0.0	-0.0	-0.0	-0.0	-0.0	0.0	-0.0	0.0	0.0	0.0	0.0	0.0	0.0	0.0	0.0	0.0	0.0	0.0	0.0	0.0	0.0	0.0	0.0	0.0	0.0	0.0	0.0	0.0	0.0	0.0	0.0	0.0	0.0	0.0	0.0	0.0	0.0	0.0	0.0	0.0	0.0	0.0	0.0	0.0	0.0	0.0	0.0	0.0	0.0	0.0	0.0	0.0	0.0	0.0	0.0	0.0	0.0
G1-153	0.18288240706422096	0.06134404939811161	0.05030091827993476	-0.006003006074979096	0.044009000446086334	0.05328457959389001	0.01748907023505613	-0.03983785849646739	0.007838615254050331	-0.024352704790959512	-0.010075056300786546	-0.08508272507505871	0.02987305313882121	-0.006735331965383738	-0.006294627379456102	-0.007704826809317228	0.005115495309236083	-0.006385366703092322	0.012573629892860238	0.00928551936228134	-0.028681935212094483	-0.0038452568933348055	0.008228401582873504	0.003185360628260449	-0.01649674841191546	0.005909807267947348	0.0069069204962190055	0.006232487030263295	-0.003830274970120417	0.0026738703142713156	0.0008484236033910083	-0.0011953493457227187	0.0005234420159996669	-0.00014028376974315441	0.0	-0.0	-0.0	-0.0	-0.0	-0.0	0.0	0.0	0.0	0.0	0.0	0.0	0.0	0.0	0.0	0.0	0.0	0.0	0.0	0.0	0.0	0.0	0.0	0.0	0.0	0.0	0.0	0.0	0.0	0.0	0.0	0.0	0.0	0.0	0.0	0.0	0.0	0.0	0.0	0.0	0.0	0.0	0.0	0.0	0.0	0.0	0.0	0.0	0.0	0.0	0.0	0.0	0.0	0.0	0.0	0.0	0.0	0.0
G1-154	0.21403736497502698	0.1206506624557236	-0.0330159602730595	0.036826115183318006	0.0008255389125598772	-0.01607070786207604	0.026931031567297592	-0.03017681554657096	-0.030090568485377035	-0.0019450320649133871	0.030914016064099287	-0.027528606755633556	0.006820296982068918	-0.01842366992854359	0.00647179845244559	0.0024482472463110373	-0.005308634777065954	-0.0007950640146000091	-0.0016673098228212788	-0.0007248409936552297	0.0029516977949019976	-0.005774988498388145	-0.003354512891994826	-0.0020364930014584682	-0.0018123837180305951	-0.0002655126382226073	-0.0007034544466542409	-0.002454826458170061	-0.0073783428879781905	-0.0056506617839514415	0.0005181496870678825	0.008180291045641167	0.0031578727058313824	-0.0007467491821557725	-0.0	-0.0	-0.0	0.0	-0.0	0.0	-0.0	0.0	0.0	0.0	0.0	0.0	0.0	0.0	0.0	0.0	0.0	0.0	0.0	0.0	0.0	0.0	0.0	0.0	0.0	0.0	0.0	0.0	0.0	0.0	0.0	0.0	0.0	0.0	0.0	0.0	0.0	0.0	0.0	0.0	0.0	0.0	0.0	0.0	0.0	0.0	0.0	0.0	0.0	0.0	0.0	0.0	0.0	0.0	0.0	0.0	0.0	0.0
G1-155	0.18985412154513504	0.030500064723640037	0.010513840956915857	0.001284146345810634	-0.001140589071958687	0.039753666735309626	0.024191209375360002	-0.05324836029546177	-0.007486421410961756	0.02950456862883036	-0.004986232370593613	-0.01628783509829254	-0.03323407147176384	0.0027365362427676653	0.00843349572127638	0.004007167770393618	-0.007085694893781511	0.0025450042094250246	-0.0033095638040993272	0.010882893300545765	0.004509919708791135	-0.0038823285669254263	-0.006213344826824252	-0.0006348413524549726	-0.003067339194901086	0.005676549000214833	-0.006062630904952166	0.0009634025169258592	0.0052795057161072875	0.002950105995093873	-0.0023260030504800165	-0.005053396787054094	-0.0030383633749578843	0.0006200348000196683	0.0	-0.0	-0.0	-0.0	-0.0	-0.0	0.0	-0.0	0.0	0.0	0.0	0.0	0.0	0.0	0.0	0.0	0.0	0.0	0.0	0.0	0.0	0.0	0.0	0.0	0.0	0.0	0.0	0.0	0.0	0.0	0.0	0.0	0.0	0.0	0.0	0.0	0.0	0.0	0.0	0.0	0.0	0.0	0.0	0.0	0.0	0.0	0.0	0.0	0.0	0.0	0.0	0.0	0.0	0.0	0.0	0.0	0.0	0.0
G1-156	0.216041687653636	0.11973034645311714	-0.032628119029573376	0.03565099426993975	0.00014111670575688397	-0.01593840303493036	0.02663248893341978	-0.029333034426508066	-0.03130166431923204	-0.0030072127320105962	0.03047779475842412	-0.028421211407176458	0.006348072296735209	-0.017101960645858637	0.005363187016570028	0.0009429424357588426	-0.005965043850647002	0.0016055571952201951	-0.0023840143050698633	0.0023289324921164163	0.002607257794307354	-0.004296283940204165	-0.003608157350154817	-0.0016305097634404127	9.68871169972459e-05	-0.0003723337133944369	-0.0001034046120802577	-0.0007623230906238544	0.0020053087740015034	0.000915772758060066	9.438129153106509e-05	-0.0025858793797791857	-0.0011251824307460891	0.0003850034488338425	0.0	0.0	-0.0	0.0	-0.0	-0.0	-0.0	0.0	0.0	0.0	0.0	0.0	0.0	0.0	0.0	0.0	0.0	0.0	0.0	0.0	0.0	0.0	0.0	0.0	0.0	0.0	0.0	0.0	0.0	0.0	0.0	0.0	0.0	0.0	0.0	0.0	0.0	0.0	0.0	0.0	0.0	0.0	0.0	0.0	0.0	0.0	0.0	0.0	0.0	0.0	0.0	0.0	0.0	0.0	0.0	0.0	0.0	0.0
G1-157	0.1973087049657414	0.012959188122285713	0.09631686632989685	-0.018897677304559313	0.08542999050125939	0.04737176584696746	-0.004078484998528477	0.0024317186373958256	-0.010928618971325334	0.047132686874285394	-0.05283017865461434	-0.05931910051194235	0.022701133819780703	-0.022419759497228887	-0.003877519227761255	-0.004565425308733444	0.02259081995006966	-0.011485385594987416	0.02584308734006384	0.008075358812801314	0.008428926750545672	0.00487470869400041	0.012280069943406616	-0.003752260625377038	0.008392410884974257	-0.008117022034620199	-0.007344042857097999	-0.00036762862548541536	0.007494026556414892	0.00025588899376717257	-0.0010444493508508718	0.0024002747222486628	0.0012101686168832176	0.000314458883823061	-0.0	0.0	-0.0	0.0	-0.0	0.0	-0.0	0.0	0.0	0.0	0.0	0.0	0.0	0.0	0.0	0.0	0.0	0.0	0.0	0.0	0.0	0.0	0.0	0.0	0.0	0.0	0.0	0.0	0.0	0.0	0.0	0.0	0.0	0.0	0.0	0.0	0.0	0.0	0.0	0.0	0.0	0.0	0.0	0.0	0.0	0.0	0.0	0.0	0.0	0.0	0.0	0.0	0.0	0.0	0.0	0.0	0.0	0.0
G1-158	0.19943811057071323	-0.011376486965641402	0.0021202484840566306	-0.009840113007554637	0.015057915274585814	0.02883889002898613	0.021332845422844075	-0.021996242181629634	-0.007699673151309236	-0.02790218817075058	-0.018186618735869787	0.03522203106086829	-0.027178615112304752	0.01188356532370095	0.004806231019791784	-0.0006502446813353026	0.012088304203274936	-7.44438300127081e-05	0.009323273616593077	0.015491085435140363	0.008878634684487437	-0.0035224611239495717	0.008364016407681541	0.001395945099903448	-0.018547308009052882	-0.0016277185166133255	0.00014259164469194462	-0.012524465613673303	0.012126898365908545	0.0024855837157261094	0.0016279646588052397	0.00277311014661294	0.003751954864709832	0.0011160695944448054	-0.0	-0.0	-0.0	0.0	-0.0	0.0	-0.0	0.0	0.0	0.0	0.0	0.0	0.0	0.0	0.0	0.0	0.0	0.0	0.0	0.0	0.0	0.0	0.0	0.0	0.0	0.0	0.0	0.0	0.0	0.0	0.0	0.0	0.0	0.0	0.0	0.0	0.0	0.0	0.0	0.0	0.0	0.0	0.0	0.0	0.0	0.0	0.0	0.0	0.0	0.0	0.0	0.0	0.0	0.0	0.0	0.0	0.0	0.0
G1-159	0.22086828639247194	-0.21013077302067196	0.041177553400240666	-0.12438510024764589	-0.015218213290640634	-0.12209141793204067	-0.11863316562843665	-0.04842567790251422	-0.029957486255842686	0.06935193000981378	0.051073894900730867	0.02815581638238067	0.03386835163611933	-0.030036586819680113	-0.016058235778118976	0.017002284561411146	0.02728366703720703	-0.04298487091916465	0.002329104234507842	0.021849620936270808	-0.00789652317628882	-0.03281519507517719	-0.019440767683988114	0.011427188459216258	0.0003035790741972294	-0.0030024525973562366	0.0011196752982859848	0.0005140104452748338	0.002111521372912172	0.0005562366708033892	0.00038735111317660933	0.0004171979193252811	0.0006903195463614129	8.334193991839331e-05	0.0	0.0	-0.0	-0.0	-0.0	-0.0	0.0	0.0	0.0	0.0	0.0	0.0	0.0	0.0	0.0	0.0	0.0	0.0	0.0	0.0	0.0	0.0	0.0	0.0	0.0	0.0	0.0	0.0	0.0	0.0	0.0	0.0	0.0	0.0	0.0	0.0	0.0	0.0	0.0	0.0	0.0	0.0	0.0	0.0	0.0	0.0	0.0	0.0	0.0	0.0	0.0	0.0	0.0	0.0	0.0	0.0	0.0	0.0
G1-161	0.16314008708063452	-0.02301115362959019	0.30752721402085875	-0.03995229834896965	-0.0426880018701082	-0.1347213542231107	-0.045597220901192205	-0.014223509629045705	0.03111877814015835	0.02925749409533204	0.015664837124601632	-0.11818404706655185	-0.057034194036305066	0.024879888124964472	-0.03487910400987962	0.035543992699755216	-0.022242930297916633	-0.010013589381763794	0.005177007406074714	-0.02399339126156646	0.016558678733282473	0.013453076501892185	0.018721348631253715	0.005526212367596689	0.0006657777151025462	0.0057061858903709965	-0.004547445538448627	-0.005651961247310633	-0.004312288828981131	0.00019982276661855553	0.00048699713409595426	-0.0012802667767620218	-0.0012265541760123119	0.00018822712185659053	0.0	-0.0	-0.0	-0.0	-0.0	-0.0	0.0	-0.0	0.0	0.0	0.0	0.0	0.0	0.0	0.0	0.0	0.0	0.0	0.0	0.0	0.0	0.0	0.0	0.0	0.0	0.0	0.0	0.0	0.0	0.0	0.0	0.0	0.0	0.0	0.0	0.0	0.0	0.0	0.0	0.0	0.0	0.0	0.0	0.0	0.0	0.0	0.0	0.0	0.0	0.0	0.0	0.0	0.0	0.0	0.0	0.0	0.0	0.0
G1-162	0.19361983342358502	-0.005210141679200258	0.007662080413845779	-0.007045754852819648	0.01370322454702594	0.031492648498012005	0.022310441869614936	-0.025059355741231554	-0.008206840443080492	-0.02608070482737729	-0.0018921329673277807	0.02749418377326774	-0.036065460568512876	0.01657455314851465	-0.003739917220115344	-0.005547439317791846	-0.0008822491918177613	0.006468110173106337	-0.01835555610981859	-0.017702629416553876	-5.1291023083735926e-05	-0.005389933831337179	-0.00759599279170109	0.017135338433462405	-0.009566413992131031	-0.005589191523840642	-0.0071990754095901536	0.007618403723764955	-0.004260520745713623	-0.00010528035955667149	0.0015349471266683247	-0.003673375874918552	-0.0005445111137970779	-0.0001350881910187441	0.0	-0.0	-0.0	-0.0	-0.0	-0.0	0.0	-0.0	0.0	0.0	0.0	0.0	0.0	0.0	0.0	0.0	0.0	0.0	0.0	0.0	0.0	0.0	0.0	0.0	0.0	0.0	0.0	0.0	0.0	0.0	0.0	0.0	0.0	0.0	0.0	0.0	0.0	0.0	0.0	0.0	0.0	0.0	0.0	0.0	0.0	0.0	0.0	0.0	0.0	0.0	0.0	0.0	0.0	0.0	0.0	0.0	0.0	0.0
G1-163	0.027582442521744473	-0.08034326123433444	0.05388700291970487	-0.15334745046815113	-0.1913115771285213	0.0010781685511500386	0.05395669672922031	0.04748936301541306	-0.06535778863471571	-0.036539229360293975	0.030756936052280474	0.039392674327869116	0.024045550953044274	0.007562043134927555	0.0016782110486445751	0.008504852684103463	0.017815326352153462	-0.0047794484539839255	0.011325469725821765	0.013931278534531384	0.029426169325714947	-0.008363153396173164	0.025105115529177793	0.008025996267365639	-0.0052098765121811365	0.004763238924105682	0.0014763368787451608	-0.00178298767210915	-0.0038068920822421975	-0.0001528571392828732	-0.0013902208168238923	-0.0010505153435518585	-0.0007795116656581283	-0.0001597966876553765	0.0	-0.0	-0.0	-0.0	-0.0	-0.0	0.0	-0.0	0.0	0.0	0.0	0.0	0.0	0.0	0.0	0.0	0.0	0.0	0.0	0.0	0.0	0.0	0.0	0.0	0.0	0.0	0.0	0.0	0.0	0.0	0.0	0.0	0.0	0.0	0.0	0.0	0.0	0.0	0.0	0.0	0.0	0.0	0.0	0.0	0.0	0.0	0.0	0.0	0.0	0.0	0.0	0.0	0.0	0.0	0.0	0.0	0.0	0.0
G1-165	0.2195849245876827	-0.1269008177246217	-0.10246933383163742	-0.01730156869050441	0.02244628810426145	-0.0038022823285657303	-0.0015444129942020412	-0.05350236856477557	0.028290221643297076	-0.011787550528610956	-0.0018347823465587213	-0.003900212933029887	-0.0014112569981937755	0.03300621143188536	0.016150042869005028	0.015242916452345462	0.015188968786185045	-0.009236866633681388	0.004930770274812356	0.0018557739268387293	0.009285449559283034	0.002017952901737435	0.004039863257950962	-0.0011188360944822339	0.001403580815004015	0.017838308388034393	-0.00868460471535552	0.0032628614729981447	0.00264850603111314	0.0018326698139812991	0.0017593248058316538	0.0008839708759333784	-0.0002609784596523427	-0.005389157070857087	0.0	0.0	-0.0	-0.0	-0.0	-0.0	0.0	-0.0	0.0	0.0	0.0	0.0	0.0	0.0	0.0	0.0	0.0	0.0	0.0	0.0	0.0	0.0	0.0	0.0	0.0	0.0	0.0	0.0	0.0	0.0	0.0	0.0	0.0	0.0	0.0	0.0	0.0	0.0	0.0	0.0	0.0	0.0	0.0	0.0	0.0	0.0	0.0	0.0	0.0	0.0	0.0	0.0	0.0	0.0	0.0	0.0	0.0	0.0
G1-166	0.22687328188383438	0.07817849250642478	-0.046411580897233864	0.02380110719084873	0.016917488649208185	-0.028550988887149947	0.022091626128527324	0.0041663870192181806	-0.026558978296801518	-0.07163974849282298	0.02197355261480305	0.03388189085987927	0.017456725273948315	-0.0018188211700353397	0.008215739644674225	0.010427127173135566	0.019031626418573967	-0.0071009415841303	0.012515324908440645	-0.0005468890924439696	0.008482200125408556	0.0024499582054900797	0.01357529177019266	0.0071968073938242635	0.0048344290959200205	-0.000394348809288313	-0.0017363571895178695	0.000493960383222522	0.0036013944455212097	0.0005485585634457122	0.005966773332532567	-0.0013724225761843165	0.000759865878166647	-0.01052010823623114	0.0	-0.0	-0.0	-0.0	-0.0	-0.0	0.0	-0.0	0.0	0.0	0.0	0.0	0.0	0.0	0.0	0.0	0.0	0.0	0.0	0.0	0.0	0.0	0.0	0.0	0.0	0.0	0.0	0.0	0.0	0.0	0.0	0.0	0.0	0.0	0.0	0.0	0.0	0.0	0.0	0.0	0.0	0.0	0.0	0.0	0.0	0.0	0.0	0.0	0.0	0.0	0.0	0.0	0.0	0.0	0.0	0.0	0.0	0.0
G1-167	-0.2225556637733332	0.00048750395344557154	0.053474205562785475	-0.012027982681682299	0.10465795486588515	0.007979772921984566	-0.0329393578232048	0.07253453046300942	0.004837247487060329	0.024736407182772827	-0.01718159394358024	0.032115107306602365	0.02065787700007251	-0.007022393445381901	-0.015923954012200873	-0.02619984779864747	-0.033990356614522106	0.005882537210359834	0.0133287332758349	-0.01497833619465942	-0.0039166950429228	-0.00026817648022182543	-0.0053348790628420795	-0.007906654022054807	-0.01628903678291681	0.00017165269775214686	0.004207733962028344	-0.005672212174874277	0.0048242330769954	0.004805113635529036	0.00216065441119033	0.001830437075160555	0.00022988863457838838	-1.5961028868024838e-05	-0.0	0.0	-0.0	0.0	-0.0	0.0	-0.0	0.0	0.0	0.0	0.0	0.0	0.0	0.0	0.0	0.0	0.0	0.0	0.0	0.0	0.0	0.0	0.0	0.0	0.0	0.0	0.0	0.0	0.0	0.0	0.0	0.0	0.0	0.0	0.0	0.0	0.0	0.0	0.0	0.0	0.0	0.0	0.0	0.0	0.0	0.0	0.0	0.0	0.0	0.0	0.0	0.0	0.0	0.0	0.0	0.0	0.0	0.0
G1-168	-0.23068935865829443	0.0039324266729115305	0.051365435643389704	-0.006579649133814744	0.10022379127533688	0.014972742494274164	-0.03499481245118448	0.06291267355116022	0.009276364995551355	0.014836252628727656	-0.0027233070854099607	0.028264815585402045	0.01808070117434812	-0.010063663704598125	-0.011684203139112769	-0.005654200160895543	0.012394135908872611	0.005659376945199109	-0.01880619473477275	-0.007067218423650609	-0.0075442161723060395	0.01829032008998767	0.009177907095746082	-0.005362392722084434	0.004953866651885682	0.0012602679640576334	0.0005798089044593307	0.00674021897333864	-0.004841180345347399	0.008520278510432572	0.004864227605673822	0.004651431719785292	-0.003992037200394689	-4.677153770547622e-06	0.0	-0.0	-0.0	-0.0	-0.0	-0.0	0.0	-0.0	0.0	0.0	0.0	0.0	0.0	0.0	0.0	0.0	0.0	0.0	0.0	0.0	0.0	0.0	0.0	0.0	0.0	0.0	0.0	0.0	0.0	0.0	0.0	0.0	0.0	0.0	0.0	0.0	0.0	0.0	0.0	0.0	0.0	0.0	0.0	0.0	0.0	0.0	0.0	0.0	0.0	0.0	0.0	0.0	0.0	0.0	0.0	0.0	0.0	0.0
G1-169	-0.22477705382547034	-0.002160723164934629	0.05478871799289889	-0.009985286001084698	0.10020355550171628	0.020863227012264753	-0.03754080535302073	0.05671851322004583	0.01172561708843111	0.018149817280029158	-0.010838240407351395	0.03464746605336508	0.010829432145024733	-0.001472623796824315	-0.01407851145918437	-0.0033489678629057564	0.010938346503407765	0.004661738422009181	-0.015891768088096767	-0.0005345733832418816	0.005535053146626737	0.01716258450442808	0.004803496424488273	-0.00485720616436546	0.011517513526053808	-0.002040370060180066	-0.005321816012454993	-0.0009080726868547025	-0.0003440460039175246	-0.01684970664804458	-0.008860923344344882	-0.006130531405770051	0.0022320765368023412	-0.0011596796182914118	-0.0	-0.0	-0.0	0.0	-0.0	0.0	-0.0	0.0	0.0	0.0	0.0	0.0	0.0	0.0	0.0	0.0	0.0	0.0	0.0	0.0	0.0	0.0	0.0	0.0	0.0	0.0	0.0	0.0	0.0	0.0	0.0	0.0	0.0	0.0	0.0	0.0	0.0	0.0	0.0	0.0	0.0	0.0	0.0	0.0	0.0	0.0	0.0	0.0	0.0	0.0	0.0	0.0	0.0	0.0	0.0	0.0	0.0	0.0
G1-17	-0.057621920949304864	0.028312498747430016	-0.010881855237101317	-0.02764902780219273	-0.06507682881689154	-0.0031767123013732037	0.09657693334599468	-0.10347428842370744	-0.10889176320726855	0.03678536816562045	-0.09334973285574759	-0.004485491070835351	0.015364192163973764	0.06381970836926416	-0.026323963402964393	-0.05991688695735171	0.0015255966223664146	0.013231062519322996	-0.012345857906136548	0.01961750355410964	0.01131532084423673	0.007969038060703456	-0.0022084320265737425	-0.011684932322665402	0.00468867131411219	0.002403124612427219	0.003364581289342506	0.0017677243689653904	0.0001575935874820943	0.0006172028838970112	-0.0013618801328177986	0.0002412294327552079	-0.0003854023601776497	-0.0006103560318270323	0.0	-0.0	-0.0	-0.0	-0.0	-0.0	0.0	-0.0	0.0	0.0	0.0	0.0	0.0	0.0	0.0	0.0	0.0	0.0	0.0	0.0	0.0	0.0	0.0	0.0	0.0	0.0	0.0	0.0	0.0	0.0	0.0	0.0	0.0	0.0	0.0	0.0	0.0	0.0	0.0	0.0	0.0	0.0	0.0	0.0	0.0	0.0	0.0	0.0	0.0	0.0	0.0	0.0	0.0	0.0	0.0	0.0	0.0	0.0
G1-170	-0.27404985378608937	-0.003022961289066251	0.06322076122280111	-0.022547323902909606	0.019017061974342553	0.003627334474776635	0.023039375520297087	0.0345769486811384	-0.04376285855450172	0.09649656516763208	-0.024784880904441337	-0.030648885122366253	0.055911134958086285	-0.021134623427109544	-0.025520505689971933	0.01528775789376952	0.036036743850852246	-0.03507115447372332	0.0026009018247209023	0.03519424282257712	-0.0054267178275156725	-0.028769760650265	-0.027836925139621455	0.013053558326286878	0.018447496145814063	-0.00774084915165601	0.0010853327629996984	0.00474911230319655	0.0005917494902666044	0.0009376096999795159	0.00024006207948222777	0.0005305783883682893	0.00025087262503291504	-3.9915819175762264e-05	0.0	0.0	-0.0	-0.0	-0.0	-0.0	0.0	0.0	0.0	0.0	0.0	0.0	0.0	0.0	0.0	0.0	0.0	0.0	0.0	0.0	0.0	0.0	0.0	0.0	0.0	0.0	0.0	0.0	0.0	0.0	0.0	0.0	0.0	0.0	0.0	0.0	0.0	0.0	0.0	0.0	0.0	0.0	0.0	0.0	0.0	0.0	0.0	0.0	0.0	0.0	0.0	0.0	0.0	0.0	0.0	0.0	0.0	0.0
G1-171	-0.2643485107907853	0.02353604960501986	0.025522260136961808	-0.01842445962211322	-0.017873879814915828	0.0335785570412082	0.0461352340740345	0.0008157567570931468	-0.02561226053993613	0.013636055144530953	-0.007222910234383072	-0.05668898647309573	0.03853437408227858	-0.0018321487150752761	-0.0045528296207371565	0.002976822500555547	0.008786708629536401	0.006175342962096109	0.0007909297366048359	0.0069731756294161345	4.179509002188857e-05	0.011734688406979485	0.011271358042512983	-0.020009391588088645	-0.013955963276692003	0.005017340164028258	0.0024902806876648275	-0.011972131080326813	-0.0018988991864183615	-0.0033518694665525444	0.0032277045319226423	-0.0018918109552898668	-0.0014824071513213312	0.0007178141036722487	0.0	-0.0	-0.0	-0.0	-0.0	-0.0	0.0	0.0	0.0	0.0	0.0	0.0	0.0	0.0	0.0	0.0	0.0	0.0	0.0	0.0	0.0	0.0	0.0	0.0	0.0	0.0	0.0	0.0	0.0	0.0	0.0	0.0	0.0	0.0	0.0	0.0	0.0	0.0	0.0	0.0	0.0	0.0	0.0	0.0	0.0	0.0	0.0	0.0	0.0	0.0	0.0	0.0	0.0	0.0	0.0	0.0	0.0	0.0
G1-173	-0.26645071007548987	0.01949079116763976	-0.00404649209806785	-0.001491584207414066	-0.044148695362164925	0.02223974473695892	0.05395927822508044	-0.010825882601842632	-0.046881341540630436	0.058567973945644766	0.004157729402137396	0.00013721584640325756	-0.013196046999238561	0.0038750936692005934	0.011921737913819487	0.03846902668094322	0.0014504684121903397	0.022442698575746666	-0.019573776191692503	-0.002744458375980441	0.011458558041949684	0.020000180254434213	0.007754513836188877	0.03173022775419405	-0.005259442835213897	-0.01197471741467822	-0.013317035321062787	-0.001160624223321949	0.007217648433426286	-0.0074121193983722085	0.005534893376775244	0.00011240094177003344	-0.00261631587227231	0.0015107111804885998	0.0	0.0	-0.0	-0.0	-0.0	-0.0	0.0	0.0	0.0	0.0	0.0	0.0	0.0	0.0	0.0	0.0	0.0	0.0	0.0	0.0	0.0	0.0	0.0	0.0	0.0	0.0	0.0	0.0	0.0	0.0	0.0	0.0	0.0	0.0	0.0	0.0	0.0	0.0	0.0	0.0	0.0	0.0	0.0	0.0	0.0	0.0	0.0	0.0	0.0	0.0	0.0	0.0	0.0	0.0	0.0	0.0	0.0	0.0
G1-174	-0.2655232461811739	0.02300024512172126	0.028208664724161985	-0.01881155392717555	-0.01879401995083275	0.03581993810341826	0.04499709940878821	-0.001157287336607588	-0.025731754739839085	0.0108395296772875	-4.1389523827572125e-05	-0.058488551971504446	0.03508499459941569	0.001385665161321891	-0.006368497068532564	0.0037359308032899755	0.008738394841311089	0.009463021084218353	-0.013566791089652825	-0.01945813856966037	-0.0006657703131152182	0.013068576253423253	0.009876394900211806	0.00021195198959242327	-0.00012305894858635004	-0.005761209466794719	-0.0020918691799735284	0.010150990895009036	-0.00013527509184103935	0.007103085490838854	-0.006429889765630632	0.0025438158411067334	0.003744040902155307	-0.0018672690275561559	-0.0	0.0	-0.0	0.0	-0.0	0.0	-0.0	-0.0	0.0	0.0	0.0	0.0	0.0	0.0	0.0	0.0	0.0	0.0	0.0	0.0	0.0	0.0	0.0	0.0	0.0	0.0	0.0	0.0	0.0	0.0	0.0	0.0	0.0	0.0	0.0	0.0	0.0	0.0	0.0	0.0	0.0	0.0	0.0	0.0	0.0	0.0	0.0	0.0	0.0	0.0	0.0	0.0	0.0	0.0	0.0	0.0	0.0	0.0
G1-18	0.18967008129160773	0.026785192970967337	0.006425291802466369	0.0009989061436206936	-0.0020261173636016805	0.03998060805600955	0.0251334078439849	-0.05289044374138368	-0.006228623342568079	0.03191008859891628	6.356206936446088e-06	-0.017512388872109028	-0.035363840500187295	0.01013217154434714	0.00810234405483271	0.002157032254929457	-0.017900731207692828	0.0009115629772111123	-0.004458557665881655	0.010422065775650758	-0.006734623805438402	-0.007868750765693542	0.012943563308289082	-0.005434759512474139	0.012847360863555224	-0.01595267917895407	0.01646557584774642	-0.007885263908674969	-0.001217518898250968	-0.0010471608085495913	0.0035924314775161695	-0.002887115019086549	-0.000568151602278978	-0.00029570767211456803	0.0	-0.0	-0.0	-0.0	-0.0	-0.0	0.0	-0.0	0.0	0.0	0.0	0.0	0.0	0.0	0.0	0.0	0.0	0.0	0.0	0.0	0.0	0.0	0.0	0.0	0.0	0.0	0.0	0.0	0.0	0.0	0.0	0.0	0.0	0.0	0.0	0.0	0.0	0.0	0.0	0.0	0.0	0.0	0.0	0.0	0.0	0.0	0.0	0.0	0.0	0.0	0.0	0.0	0.0	0.0	0.0	0.0	0.0	0.0
G1-183	-0.2764355345259187	-0.027119684830657107	0.050639200034568635	0.002475337946233155	-0.014274901211379172	-0.02128804485881335	0.08727986699826545	0.011113464906207973	0.0518017751095048	-0.03483502868467116	-0.03920394644051979	0.007150118181756936	0.011070340300475424	0.0015018901665652211	-0.062235149896376046	0.014060607252292833	0.03307004304121738	0.06922991792028897	0.05813600894786265	-0.019806670177528865	0.02094959728085724	-0.02008962475734062	-0.01266406228463835	0.0013423030910311535	0.002204493255175486	-0.00925842637961829	0.007113889218052308	0.00019727952653104535	-0.0025953359257989356	0.0009672470242115214	-5.066650131426401e-06	0.00021735383868885436	-0.0010158039516668506	-0.00027170429334098047	0.0	-0.0	-0.0	-0.0	-0.0	-0.0	0.0	-0.0	0.0	0.0	0.0	0.0	0.0	0.0	0.0	0.0	0.0	0.0	0.0	0.0	0.0	0.0	0.0	0.0	0.0	0.0	0.0	0.0	0.0	0.0	0.0	0.0	0.0	0.0	0.0	0.0	0.0	0.0	0.0	0.0	0.0	0.0	0.0	0.0	0.0	0.0	0.0	0.0	0.0	0.0	0.0	0.0	0.0	0.0	0.0	0.0	0.0	0.0
G1-184	-0.2751699100243634	-0.025563064034753356	-0.02259337458793336	-0.0021000845116928286	-0.03896340424042909	-0.032024909912982846	0.08165884511340346	0.024341482686191743	-0.0296153369931944	-0.03779250075039624	-0.04648526063435228	0.04858112770329653	-0.03453100013852172	-0.04855064857489986	0.029885312824092673	-0.01525392364844519	-0.028563382569073214	-0.01537974145180793	0.0074396482045950086	-0.012157219795405292	-0.019877535767028873	-0.025347367334578912	0.010224068014864026	0.001180554889173147	-0.000756051289794886	0.007597434134634228	0.00017804221336869665	0.002722049952212536	-0.0010371191482998231	0.0036608440031977267	-0.0008074696206071975	0.000576181540956762	-0.0005159878295314424	-0.00021761830365268228	0.0	-0.0	-0.0	-0.0	-0.0	-0.0	0.0	-0.0	0.0	0.0	0.0	0.0	0.0	0.0	0.0	0.0	0.0	0.0	0.0	0.0	0.0	0.0	0.0	0.0	0.0	0.0	0.0	0.0	0.0	0.0	0.0	0.0	0.0	0.0	0.0	0.0	0.0	0.0	0.0	0.0	0.0	0.0	0.0	0.0	0.0	0.0	0.0	0.0	0.0	0.0	0.0	0.0	0.0	0.0	0.0	0.0	0.0	0.0
G1-185	-0.2696103722685019	-0.0159769128586804	-0.008022151695142902	0.004975386960777469	-0.031155125832424344	-0.012467156505351594	0.060210393640467756	0.033380303840121264	-0.03689893137808443	-0.007987219103574437	-0.008376022686295203	0.05346474553630073	-0.02723562941169855	0.034317308360860686	0.030295243069568368	-0.0009762209549028256	0.05381323853575901	0.0019295793960680974	-0.017056292136958764	0.009197505638102064	-0.001996219721159469	-0.005305798120469765	-0.008638848434396152	-0.006495275837197964	-0.00829358730902255	0.004071861450474263	0.010905709222137069	-0.0034131092652246705	-0.005787063579821172	-0.0009514216995521643	-0.001302995223066677	-0.0007999880978003387	0.0015120724928990646	-0.00014802071450255568	0.0	0.0	-0.0	-0.0	-0.0	-0.0	0.0	-0.0	0.0	0.0	0.0	0.0	0.0	0.0	0.0	0.0	0.0	0.0	0.0	0.0	0.0	0.0	0.0	0.0	0.0	0.0	0.0	0.0	0.0	0.0	0.0	0.0	0.0	0.0	0.0	0.0	0.0	0.0	0.0	0.0	0.0	0.0	0.0	0.0	0.0	0.0	0.0	0.0	0.0	0.0	0.0	0.0	0.0	0.0	0.0	0.0	0.0	0.0
G1-186	-0.290790924325464	-0.02871903726726017	0.019063157840775235	-0.01272640944580065	-0.00903355909455872	-0.014545182773143164	0.06887872754312666	0.024853403762427694	-0.005526872523406797	-0.07082760984351197	-0.05610196791211608	-0.00995924599566955	0.010735927541435224	-0.04794679052250634	0.01720641447276473	-0.015293053687600016	0.011907598614862036	-0.018026557157825727	-0.014701615072126473	-0.0076037414759532245	-0.03740888831520134	-0.019195821634496256	0.02397185753442018	-0.011196338546072339	0.0005910832751108212	0.0009418254846282907	-0.01519356193075091	-0.002879448135020065	0.0018617515482220058	-0.0026490596665683552	-0.0006257435535075886	-0.0012192836908120023	-0.0006757465138795683	0.0007253365690848674	-0.0	-0.0	-0.0	0.0	-0.0	0.0	-0.0	0.0	0.0	0.0	0.0	0.0	0.0	0.0	0.0	0.0	0.0	0.0	0.0	0.0	0.0	0.0	0.0	0.0	0.0	0.0	0.0	0.0	0.0	0.0	0.0	0.0	0.0	0.0	0.0	0.0	0.0	0.0	0.0	0.0	0.0	0.0	0.0	0.0	0.0	0.0	0.0	0.0	0.0	0.0	0.0	0.0	0.0	0.0	0.0	0.0	0.0	0.0
G1-19	0.1457684320982743	-0.2976296726011459	0.04932060097832029	0.34382506344092106	-0.10337645143869956	0.025628875763057293	-0.17990806301877763	0.028297601071898344	-0.0714803269226772	0.0033574670415240718	-0.0961706956078422	-0.034852142275349315	0.052545639283659844	-0.01608957594987925	0.0803573202080726	-0.028551806848734523	-0.003668000145808583	0.038214463295481206	0.01383600932158799	-8.875754023119664e-05	0.0014629454502999794	0.0018345363054761664	-0.004758927394014174	0.019118476742255697	0.004827077919780366	0.0025983185566620013	-0.0006071419004814509	-0.0033174914236436064	-0.0037487814914946645	-0.0006375480470415933	0.0016869997230550171	-0.000503300150336455	-0.00021122008822007832	0.0005186667422467718	0.0	-0.0	-0.0	-0.0	-0.0	-0.0	0.0	0.0	0.0	0.0	0.0	0.0	0.0	0.0	0.0	0.0	0.0	0.0	0.0	0.0	0.0	0.0	0.0	0.0	0.0	0.0	0.0	0.0	0.0	0.0	0.0	0.0	0.0	0.0	0.0	0.0	0.0	0.0	0.0	0.0	0.0	0.0	0.0	0.0	0.0	0.0	0.0	0.0	0.0	0.0	0.0	0.0	0.0	0.0	0.0	0.0	0.0	0.0
G2-225	-0.2697721230291024	-0.11598033617402459	-0.10747262741822641	-0.023326011423613843	-0.006079117049849708	-0.022099637336430465	0.02231876331432693	-0.0022144370799807994	0.008159398104994787	0.026740446157933938	0.018335758879317304	-0.00022920179679379243	0.022368045260746053	0.043172742554050667	-0.009702649110424488	0.005456833859555824	-0.020312272362660092	0.011353545830405352	0.003783059075854893	0.011984328471959245	0.00902213755551691	0.018625247652417132	-0.0022432699033782246	0.005166466737040253	-0.0003641162269642064	-0.012519797732112432	0.020367811312271028	-0.0013394165143238844	-0.006968611168185219	0.0004136234692210583	0.0017243664481825234	-0.0010457348023352729	0.0016382275538037244	-0.002009453657778317	0.0	0.0	-0.0	-0.0	-0.0	-0.0	0.0	-0.0	0.0	0.0	0.0	0.0	0.0	0.0	0.0	0.0	0.0	0.0	0.0	0.0	0.0	0.0	0.0	0.0	0.0	0.0	0.0	0.0	0.0	0.0	0.0	0.0	0.0	0.0	0.0	0.0	0.0	0.0	0.0	0.0	0.0	0.0	0.0	0.0	0.0	0.0	0.0	0.0	0.0	0.0	0.0	0.0	0.0	0.0	0.0	0.0	0.0	0.0
G2-226	-0.2840768798996384	-0.12274019315766727	-0.10430450966614577	-0.00892740844457302	-0.016794611218385224	-0.04348662050717134	0.02740663451583743	0.006054186693736471	0.015912258646169193	0.013625285951410323	0.005602464492248514	-0.0038847642995025757	0.0023602495940964413	0.043914686917861025	0.03190815496148497	-0.024405674050969814	0.009884788570198285	-0.009991225016146436	0.009558625468871082	-0.02590428315922296	-0.009906121369736296	-0.028485079345710814	0.012294913886918592	-0.007253833545495233	0.010427535421135158	-0.004310451910361307	-0.0049039601106166016	-0.003169438106689154	0.005403167905809266	-0.002044991018323422	0.009933341155009408	-0.0021032279736124906	0.0016485263911420465	-0.000590570333801542	-0.0	-0.0	-0.0	0.0	-0.0	0.0	-0.0	0.0	0.0	0.0	0.0	0.0	0.0	0.0	0.0	0.0	0.0	0.0	0.0	0.0	0.0	0.0	0.0	0.0	0.0	0.0	0.0	0.0	0.0	0.0	0.0	0.0	0.0	0.0	0.0	0.0	0.0	0.0	0.0	0.0	0.0	0.0	0.0	0.0	0.0	0.0	0.0	0.0	0.0	0.0	0.0	0.0	0.0	0.0	0.0	0.0	0.0	0.0
G2-227	-0.280649020400926	-0.12320455301319372	-0.10185391414311976	-0.011108889243099948	-0.013116946005681848	-0.0417732842610359	0.03229700276865658	0.007265710517882165	0.012029375094582642	0.018116986960708095	0.005119410976388371	-0.001958741452505618	0.01600077769046366	0.048724271962894715	0.030001076850440556	-0.01214649016957068	-0.020641692580794242	0.004210963182374534	-0.0007630448185697008	0.012401391289087986	-0.025136538003655118	-0.017941610769320222	0.011890375246308942	-0.006022276568986889	-0.0044200444631865635	-0.01164021467589936	-0.008136568416699397	0.0029665479121734487	0.0006935045651367219	0.0008308565499445135	-0.012625650322810638	0.0030272119739607503	-0.004087825994701904	-0.0005129131908676738	0.0	-0.0	-0.0	-0.0	-0.0	-0.0	0.0	-0.0	0.0	0.0	0.0	0.0	0.0	0.0	0.0	0.0	0.0	0.0	0.0	0.0	0.0	0.0	0.0	0.0	0.0	0.0	0.0	0.0	0.0	0.0	0.0	0.0	0.0	0.0	0.0	0.0	0.0	0.0	0.0	0.0	0.0	0.0	0.0	0.0	0.0	0.0	0.0	0.0	0.0	0.0	0.0	0.0	0.0	0.0	0.0	0.0	0.0	0.0
G2-228	-0.27254850518639673	-0.11238278209520856	-0.10692876021266001	-0.021497335361741334	-0.009898363849312714	-0.023823908244992403	0.01691608626482492	-0.0036722943524711525	0.009993914328577626	0.01955953009011598	0.01379110202483735	-0.001463253868486107	0.012828330259105406	0.03282653823582245	-0.006432179242972649	-0.005390824034473604	0.016597590133027227	-0.003191367486026799	0.015033151418573249	-0.022667354402246098	0.030038495700376706	0.008264075135226456	-0.0214056828518422	0.0012650880776527932	-0.012507554803737735	0.01985026188584991	-0.006889790031435674	0.0025262670982117907	0.0007482161701830574	0.0019235993190346785	-0.0007178045011139759	0.0004589611253876236	-0.000560381320687109	0.002364615614711087	0.0	-0.0	-0.0	-0.0	-0.0	-0.0	0.0	-0.0	0.0	0.0	0.0	0.0	0.0	0.0	0.0	0.0	0.0	0.0	0.0	0.0	0.0	0.0	0.0	0.0	0.0	0.0	0.0	0.0	0.0	0.0	0.0	0.0	0.0	0.0	0.0	0.0	0.0	0.0	0.0	0.0	0.0	0.0	0.0	0.0	0.0	0.0	0.0	0.0	0.0	0.0	0.0	0.0	0.0	0.0	0.0	0.0	0.0	0.0
G2-229	-0.29190962314558944	-0.1581299604371605	-0.030131489716565856	-0.09900462503103781	-0.08913342409069444	-0.11284363308649775	-0.03220265186140757	-0.04220221612668184	-0.0038265445912627465	-0.013915297391128048	0.03190698779078035	0.019650415192337636	0.011869011191350868	-0.047289784318512065	-0.01906395986639568	0.009901532662333224	-0.0479038001666632	-0.004549328188588421	0.0023278903228672663	0.002780790965754923	-0.015981866939385275	0.004854766047152397	0.008026324701950615	0.004800327002271058	-0.0009345408724762137	0.005576658800115095	-0.0005485107458899436	-0.005521710251486263	-0.002175258310541104	-0.0013774723096868049	0.0007643405576019679	-0.00029782450586144293	-0.0002918677788218468	0.0003226373703377455	0.0	-0.0	-0.0	-0.0	-0.0	-0.0	0.0	-0.0	0.0	0.0	0.0	0.0	0.0	0.0	0.0	0.0	0.0	0.0	0.0	0.0	0.0	0.0	0.0	0.0	0.0	0.0	0.0	0.0	0.0	0.0	0.0	0.0	0.0	0.0	0.0	0.0	0.0	0.0	0.0	0.0	0.0	0.0	0.0	0.0	0.0	0.0	0.0	0.0	0.0	0.0	0.0	0.0	0.0	0.0	0.0	0.0	0.0	0.0
G2-230	-0.3092387892715811	-0.19609798929932876	-0.050135397741906104	0.2031961327538094	-0.11073854719115567	0.03316055469613343	-0.05751991089381232	0.017769318010737223	-0.04467063894736672	-0.013132254175877885	0.022117817794062387	-0.005050765644659601	0.01497463153461543	0.02396493148265418	-0.07489501841156654	0.034836160102015755	0.011177562071810447	-0.01826397955031747	-0.014314237512542034	-0.004992064733483267	-0.002841282029437598	0.0025862413941877497	0.0028187491253636476	-0.019529140262017818	0.00032488719289106575	0.0012722447025151414	0.0017084507306400964	0.00014985627172076896	0.0031232899547360645	0.0002854897828679548	-0.0007416267836177358	0.0006430044361414527	0.00018463701092055504	-0.0001701828042327421	0.0	0.0	-0.0	-0.0	-0.0	-0.0	0.0	-0.0	0.0	0.0	0.0	0.0	0.0	0.0	0.0	0.0	0.0	0.0	0.0	0.0	0.0	0.0	0.0	0.0	0.0	0.0	0.0	0.0	0.0	0.0	0.0	0.0	0.0	0.0	0.0	0.0	0.0	0.0	0.0	0.0	0.0	0.0	0.0	0.0	0.0	0.0	0.0	0.0	0.0	0.0	0.0	0.0	0.0	0.0	0.0	0.0	0.0	0.0
G2-310	0.06956808956713309	-0.09194677256426831	-0.15729907013027894	-0.06581060449888765	-0.05302572936833325	0.04562191023123701	-0.07489348090270616	0.06748599200062713	0.10257478623569194	0.009082819281478752	0.014484149022318522	-0.0036791591955788404	-0.032851614847934925	0.043373660075177754	-0.013725861849608577	-0.020952281090181983	-0.004450885466134467	-4.26068954644144e-05	0.01685881916021124	0.017124844985909698	-0.003074639252931542	0.01734625055062449	0.010023745994346071	0.004871007908897074	0.011424135024989067	0.0016745849079456497	-0.002211855902260778	0.0032899776211226745	0.0035847037602714867	0.0018196621512972207	-0.001301718998837605	0.0006324371250535009	8.261061976230492e-05	-3.22043835770823e-05	0.0	-0.0	-0.0	-0.0	-0.0	-0.0	0.0	0.0	0.0	0.0	0.0	0.0	0.0	0.0	0.0	0.0	0.0	0.0	0.0	0.0	0.0	0.0	0.0	0.0	0.0	0.0	0.0	0.0	0.0	0.0	0.0	0.0	0.0	0.0	0.0	0.0	0.0	0.0	0.0	0.0	0.0	0.0	0.0	0.0	0.0	0.0	0.0	0.0	0.0	0.0	0.0	0.0	0.0	0.0	0.0	0.0	0.0	0.0
G2-311	0.21890897584045405	-0.1315289228680396	-0.10597439775903694	-0.017682478441865213	0.02163063047251286	-0.004276110867634834	-0.0012802725077978399	-0.05299934364663987	0.03021943387987966	-0.009071200079363274	0.002936290532385355	-0.004915394766877301	-0.003428531651598884	0.03978323508788818	0.0135654375623046	0.012794428135615163	0.004795277744880098	-0.010003875282023622	0.0009434151665525202	0.0005437151699589638	-0.0023504911905820685	0.0008166745618926063	0.02112987355465673	-0.004951118463496431	0.017115718599059818	-0.008968288053457195	0.01656500045158688	-0.0044914730950105465	-0.002195725310571695	0.00030270133183499573	-0.0007580848855040465	0.0011760571820798543	0.00034125366690474895	0.003338317610739991	-0.0	0.0	-0.0	0.0	-0.0	0.0	-0.0	0.0	0.0	0.0	0.0	0.0	0.0	0.0	0.0	0.0	0.0	0.0	0.0	0.0	0.0	0.0	0.0	0.0	0.0	0.0	0.0	0.0	0.0	0.0	0.0	0.0	0.0	0.0	0.0	0.0	0.0	0.0	0.0	0.0	0.0	0.0	0.0	0.0	0.0	0.0	0.0	0.0	0.0	0.0	0.0	0.0	0.0	0.0	0.0	0.0	0.0	0.0
G2-312	0.2018625431382748	-0.020625617535526893	0.03438211800295273	-0.04360467566672149	-0.01642273944320221	0.0195490698746332	0.009746085601494347	-0.046975028115609864	-0.031249603585334563	-0.044228512972586884	0.010492492250266827	0.05302790161182233	-0.036720375381573696	0.006087954582002243	0.042088178491188025	0.03712810842986799	0.027415242036008546	-0.0026323784288525345	0.04649392133040434	-0.01490628314146728	-0.048201416280825075	0.04725382989534808	-0.027317431001345083	-0.016839254745871175	0.009174904261488702	-0.007727923165618032	-0.000941027372828939	0.00038503239295448405	0.0015530211929286727	-0.0007415932186872227	-0.0013790148569476723	0.0003214620481967922	-0.0005814143900300495	-0.00041957886863293017	0.0	-0.0	-0.0	-0.0	-0.0	-0.0	0.0	-0.0	0.0	0.0	0.0	0.0	0.0	0.0	0.0	0.0	0.0	0.0	0.0	0.0	0.0	0.0	0.0	0.0	0.0	0.0	0.0	0.0	0.0	0.0	0.0	0.0	0.0	0.0	0.0	0.0	0.0	0.0	0.0	0.0	0.0	0.0	0.0	0.0	0.0	0.0	0.0	0.0	0.0	0.0	0.0	0.0	0.0	0.0	0.0	0.0	0.0	0.0
G2-37	0.19855410960120015	-0.011141516872294635	0.0018952749865561922	-0.00972998736113262	0.015513505093383456	0.029291096298541843	0.022275122305656286	-0.022847547039944443	-0.0050762981991126785	-0.030548233391728942	-0.015140586241987724	0.03951863760622792	-0.025068796818471347	0.016623820249979538	0.008166058198181753	0.0097194985671458	0.016574549586525655	-0.007232509348609021	0.011359614257519392	0.009974448112423689	0.012065219736918134	0.0005632466378356803	0.017629693824594398	0.008476008940201616	0.007276615729086233	0.009360041966815799	-0.002553921707208126	0.008998545250845699	-0.0044317759042026734	0.0017388066533737367	-0.0027578764230301676	0.0009441538507235738	-0.0011805873523189718	0.0007235260803612511	-0.0	0.0	-0.0	0.0	-0.0	0.0	-0.0	-0.0	0.0	0.0	0.0	0.0	0.0	0.0	0.0	0.0	0.0	0.0	0.0	0.0	0.0	0.0	0.0	0.0	0.0	0.0	0.0	0.0	0.0	0.0	0.0	0.0	0.0	0.0	0.0	0.0	0.0	0.0	0.0	0.0	0.0	0.0	0.0	0.0	0.0	0.0	0.0	0.0	0.0	0.0	0.0	0.0	0.0	0.0	0.0	0.0	0.0	0.0
G2-38	0.22686656628987661	0.07793938845606001	-0.04584522523903556	0.023449797566974333	0.016870683619977928	-0.028033986834349774	0.021804582893705952	0.004783892811841276	-0.026206641196814682	-0.07113125355675341	0.022105267414106074	0.03353194364949225	0.01654482027995131	-0.002578535693424186	0.006584406357044534	0.009150868649119263	0.018570133708796562	-0.005881176504765382	0.011498723374824648	0.0015080377496381541	0.007822845455918196	0.004522810423257392	0.011094805779496732	0.007680990319226587	0.003947764113482145	-0.000950767106367152	0.0011991229827218773	0.0008659357868083499	-0.0012527051070471888	0.0018082019163586734	-0.006402068145023396	0.0024710612289214474	-0.00033663056108568733	0.00973351349745915	-0.0	0.0	-0.0	0.0	-0.0	0.0	-0.0	0.0	0.0	0.0	0.0	0.0	0.0	0.0	0.0	0.0	0.0	0.0	0.0	0.0	0.0	0.0	0.0	0.0	0.0	0.0	0.0	0.0	0.0	0.0	0.0	0.0	0.0	0.0	0.0	0.0	0.0	0.0	0.0	0.0	0.0	0.0	0.0	0.0	0.0	0.0	0.0	0.0	0.0	0.0	0.0	0.0	0.0	0.0	0.0	0.0	0.0	0.0
G2-39	0.251007079101121	-0.035515467367417675	-0.17890487738377508	0.024338153078088377	0.02249538325216239	-0.08897778150229582	-0.010978788905710184	-0.021443907472744852	0.015483617847148605	-0.05736253349745825	0.055949621851323725	-0.028367309167970416	0.0673714032229041	0.000957648759208671	0.0035142220426667876	0.004324476135262821	0.010945662704590457	-0.010224489973775994	0.0013614967819927473	-0.0045946323419573465	0.01117994617280235	0.009382740754244646	0.0007181411215302016	-0.0038842166396032074	-0.0029708504520553933	-0.0005340789196382112	-0.0009555421245929933	0.001354690710163792	0.0007491910343744454	-0.0005146096055431548	-0.0008525024684542376	8.420550940916443e-05	-0.00037073825823192517	0.00036565611719372376	0.0	-0.0	-0.0	-0.0	-0.0	-0.0	0.0	-0.0	0.0	0.0	0.0	0.0	0.0	0.0	0.0	0.0	0.0	0.0	0.0	0.0	0.0	0.0	0.0	0.0	0.0	0.0	0.0	0.0	0.0	0.0	0.0	0.0	0.0	0.0	0.0	0.0	0.0	0.0	0.0	0.0	0.0	0.0	0.0	0.0	0.0	0.0	0.0	0.0	0.0	0.0	0.0	0.0	0.0	0.0	0.0	0.0	0.0	0.0
G2-41	0.16834845973196233	-0.14869648583865708	-0.10484622983096278	-0.019273212401555318	0.026145603221673232	0.031562049877327795	0.022615246062599872	0.000651012249219717	0.021480916762971942	-0.007768966006849573	0.08629229491827936	-0.03414203379271775	-0.04823541085870125	0.016065256749983096	-0.0018203506597986295	-0.023037093552308898	-0.013369820212420966	0.0005279434168777789	0.017719895759804274	0.024144399378636456	-0.005688659525534396	-0.008736217084294045	-0.002669253603281985	0.002584893571962112	-0.011123749438708244	-0.008205990588371482	-0.004359085748444755	-0.004137541912599055	-0.006724278519933078	-0.004912049615151426	0.003043662596007533	-0.0022738309454847544	-0.00040700234035332387	0.0005801287008722514	0.0	-0.0	-0.0	-0.0	-0.0	-0.0	0.0	-0.0	0.0	0.0	0.0	0.0	0.0	0.0	0.0	0.0	0.0	0.0	0.0	0.0	0.0	0.0	0.0	0.0	0.0	0.0	0.0	0.0	0.0	0.0	0.0	0.0	0.0	0.0	0.0	0.0	0.0	0.0	0.0	0.0	0.0	0.0	0.0	0.0	0.0	0.0	0.0	0.0	0.0	0.0	0.0	0.0	0.0	0.0	0.0	0.0	0.0	0.0
G2-410	0.214885938270749	-0.11920775383624624	-0.09580895020901577	-0.014585502888189298	0.020193996776421478	-0.00044348294919981064	-0.0022572108128890715	-0.056154798021337424	0.025329360609722622	-0.005301610225663181	0.010437806529388697	-0.020005608957158156	-0.012674524946700023	0.032744006789464104	-0.0008865279329487746	-0.0035907259786739304	-0.007831668643496732	0.0063471472568773805	-0.035892723985324	-0.02757082850979798	-0.004243755858793252	-0.007930432851928671	-0.025631415202807636	0.00664683186483678	-0.014977655565272929	-0.003949054351681386	-0.003525861048658422	0.002538879049023103	-0.0016742430025908652	0.0003201949076044412	-0.0021237933347518336	-0.0015544920362752608	-0.0004293217539330316	0.0007984108933418775	0.0	-0.0	-0.0	-0.0	-0.0	-0.0	0.0	0.0	0.0	0.0	0.0	0.0	0.0	0.0	0.0	0.0	0.0	0.0	0.0	0.0	0.0	0.0	0.0	0.0	0.0	0.0	0.0	0.0	0.0	0.0	0.0	0.0	0.0	0.0	0.0	0.0	0.0	0.0	0.0	0.0	0.0	0.0	0.0	0.0	0.0	0.0	0.0	0.0	0.0	0.0	0.0	0.0	0.0	0.0	0.0	0.0	0.0	0.0
G2-411	0.21151136600321743	-0.026416806224987825	0.039005050632492745	-0.007777730575160894	0.05840757828720459	0.010887766571596439	0.009070603110156679	0.026113990244641356	-0.030230082845387182	0.03423400077666256	-0.019821536544329072	0.03846575298395675	-0.027183312875503848	0.008561822348932782	-0.009000387835930794	-0.00749323793747704	-0.006650653146611764	0.0016501127621879174	-0.01824297658876121	-0.030656570852318685	-0.00887174361603007	-0.0013655306168059798	0.012604410290322018	0.015862697376156903	0.014320868249972517	-0.02438557540439653	0.005760215123335395	0.0032694703254662594	0.001726983883335678	-0.0004265004977097323	0.0022698720888134805	0.0006493192952225366	0.002012130535161573	0.0009212683566060298	0.0	0.0	-0.0	-0.0	-0.0	-0.0	0.0	0.0	0.0	0.0	0.0	0.0	0.0	0.0	0.0	0.0	0.0	0.0	0.0	0.0	0.0	0.0	0.0	0.0	0.0	0.0	0.0	0.0	0.0	0.0	0.0	0.0	0.0	0.0	0.0	0.0	0.0	0.0	0.0	0.0	0.0	0.0	0.0	0.0	0.0	0.0	0.0	0.0	0.0	0.0	0.0	0.0	0.0	0.0	0.0	0.0	0.0	0.0
G2-412	0.16512763011535048	-0.1854320145343867	-0.05683104781197077	-0.030633031953603732	0.0750396653986279	0.018244050323074537	0.02932144615372447	0.09173771673485329	0.010585461220633413	0.056508735918911784	0.09672792841649211	-0.022499566711082875	0.0014232454524585893	-0.016173019174654957	0.009191399674981456	-0.011562159736233354	-0.03126283205670847	0.015496183312362551	-0.02522008278190426	-0.026671733419176672	-0.003618539163070791	0.003002321559323636	0.0014355385036027273	0.0005515356340104223	0.010468613053009872	0.007664940092893649	0.004728900155253787	0.003220547363680279	0.0008688963517366135	0.002196932455170769	0.0013797342673281159	0.0006350777334414488	0.0007637559805112983	5.1448876843194616e-05	0.0	0.0	-0.0	-0.0	-0.0	-0.0	0.0	0.0	0.0	0.0	0.0	0.0	0.0	0.0	0.0	0.0	0.0	0.0	0.0	0.0	0.0	0.0	0.0	0.0	0.0	0.0	0.0	0.0	0.0	0.0	0.0	0.0	0.0	0.0	0.0	0.0	0.0	0.0	0.0	0.0	0.0	0.0	0.0	0.0	0.0	0.0	0.0	0.0	0.0	0.0	0.0	0.0	0.0	0.0	0.0	0.0	0.0	0.0
G3-42	0.2204899595109614	-0.15962760980480636	-0.00808655528975121	-0.03886935295460206	0.12690991247920042	-0.0037400983881934998	-0.03174610611983659	0.013907538475026267	0.038705139575517154	0.01162392201955493	-0.044422370270541536	-0.06078051382939602	0.06365475098544618	0.01497890388967027	-0.01907451714668478	-0.01040083724335341	0.017588731041368145	-0.012401910371449602	0.009756077111616081	-0.0025532818492110245	-0.004516843672668073	0.009749863070769315	0.0038166027701697857	-0.010447602361153243	-0.00688723980688693	-0.005929238008117473	-0.0042573394487113855	0.0009896364419457228	-0.0004890709885225079	-0.00022885392223920685	-0.000719927391738538	-0.0006582562447789978	0.00013144138017429836	-0.00010838880635673093	0.0	0.0	-0.0	-0.0	-0.0	-0.0	0.0	-0.0	0.0	0.0	0.0	0.0	0.0	0.0	0.0	0.0	0.0	0.0	0.0	0.0	0.0	0.0	0.0	0.0	0.0	0.0	0.0	0.0	0.0	0.0	0.0	0.0	0.0	0.0	0.0	0.0	0.0	0.0	0.0	0.0	0.0	0.0	0.0	0.0	0.0	0.0	0.0	0.0	0.0	0.0	0.0	0.0	0.0	0.0	0.0	0.0	0.0	0.0
G3-43	0.20163515894090916	-0.18253494763228764	-0.101924658228878	-0.018503162820597857	0.03446507748923684	-0.052740206338133776	0.041380635818876146	-0.06970571209843525	0.0715851801472196	-0.055828934322449446	-0.09989153063257868	-0.020048986991272326	-0.06966439747135382	-0.14732926854892736	-0.03248841118110241	0.02425496025550631	-0.004271306234726291	0.04236724085005585	-0.005865086438639385	0.015117896901853289	0.0035886914091203042	-0.00618954652589713	-0.0008369070660499493	-0.002399059421089413	0.0028603166354760736	-0.004490463939208171	0.003717322649194583	0.0027750749115735564	0.0014510526475304043	0.0002670672292164928	-0.0007577729867390933	0.0003164115973912609	0.00021202685064252222	-0.00041197978802791254	0.0	0.0	-0.0	-0.0	-0.0	-0.0	0.0	-0.0	0.0	0.0	0.0	0.0	0.0	0.0	0.0	0.0	0.0	0.0	0.0	0.0	0.0	0.0	0.0	0.0	0.0	0.0	0.0	0.0	0.0	0.0	0.0	0.0	0.0	0.0	0.0	0.0	0.0	0.0	0.0	0.0	0.0	0.0	0.0	0.0	0.0	0.0	0.0	0.0	0.0	0.0	0.0	0.0	0.0	0.0	0.0	0.0	0.0	0.0
G3-44	0.15822642824664188	-0.06386948146017983	0.0477900074430621	-0.025193888356033846	0.06250903140155491	0.057830683509905674	0.053150968017731864	0.10354152080968752	-0.03002785063178714	0.025495928398627597	0.04870843281365558	0.04254471169026329	-0.03038180227833029	-0.0345176763825467	0.021016482693171055	-0.0033103083767976	0.0034536572642137183	0.005577922779680151	0.018971630649708374	0.017781937671624264	0.01904752127635495	0.004118358572610993	0.00438777825500196	0.005737163586726927	0.004535085845093621	0.007794832447140772	-0.0026402114551892348	-0.004855909740334277	0.0051111185797941255	-0.0005520979846748028	-0.0011148805242040876	0.002065941483690853	-0.0003489278629196703	6.369513021715084e-05	-0.0	0.0	-0.0	0.0	-0.0	0.0	-0.0	0.0	0.0	0.0	0.0	0.0	0.0	0.0	0.0	0.0	0.0	0.0	0.0	0.0	0.0	0.0	0.0	0.0	0.0	0.0	0.0	0.0	0.0	0.0	0.0	0.0	0.0	0.0	0.0	0.0	0.0	0.0	0.0	0.0	0.0	0.0	0.0	0.0	0.0	0.0	0.0	0.0	0.0	0.0	0.0	0.0	0.0	0.0	0.0	0.0	0.0	0.0
G3-45	0.021355680578336464	0.014920990374997414	0.02791400509908517	-0.07613043063568237	-0.024425024845323266	0.1276323130583727	-0.013977948285422275	0.12722854672456216	0.08748066088149725	-0.055365025152158666	-0.014035641125998491	-0.013871845760657529	0.01086274318425591	0.012473189319144436	-0.0016100964463450548	-0.017738723191236608	-0.014816825937926357	0.011687960818145675	0.003349703416605091	0.023855214490981703	-0.0007838340729390161	-0.004818159774891438	-0.017605005864042914	0.004175843103906051	0.001238786724146738	-0.0016566005184153012	-0.007301193702349981	-0.00020137707062245947	-0.0015141961726311095	-0.0038412484621753555	0.004739565535666161	-0.0007672164793914169	0.0008520970897038201	0.0010761092963060045	0.0	0.0	-0.0	-0.0	-0.0	-0.0	0.0	0.0	0.0	0.0	0.0	0.0	0.0	0.0	0.0	0.0	0.0	0.0	0.0	0.0	0.0	0.0	0.0	0.0	0.0	0.0	0.0	0.0	0.0	0.0	0.0	0.0	0.0	0.0	0.0	0.0	0.0	0.0	0.0	0.0	0.0	0.0	0.0	0.0	0.0	0.0	0.0	0.0	0.0	0.0	0.0	0.0	0.0	0.0	0.0	0.0	0.0	0.0
G3-46	0.10461383199370906	0.005369599835869924	0.08442412282499882	-0.13566280946761136	-0.09292259436020922	-0.03981539626056751	-0.15917391418318397	0.05609296603136094	0.0033840256727213805	0.044177221601216024	-0.04951241750334056	0.0971168613644368	-0.01564553415885126	-0.017423579034420916	-0.008514562128435887	-0.010958480654111306	-0.0028594728147123168	0.006440605387963289	0.00584692152036324	0.0015458978555156478	0.004429074690029422	0.00932146071853465	0.015724723738750175	-0.009126953941058981	-0.009508543408564685	-0.0007106065336717333	0.0011920131790734614	0.0027150097265122948	0.0007539940374677502	0.0007426673974573758	-0.0002779973259908231	-6.235341058267989e-05	0.0005894344258331393	-0.00010277384973614324	0.0	0.0	-0.0	-0.0	-0.0	-0.0	0.0	-0.0	0.0	0.0	0.0	0.0	0.0	0.0	0.0	0.0	0.0	0.0	0.0	0.0	0.0	0.0	0.0	0.0	0.0	0.0	0.0	0.0	0.0	0.0	0.0	0.0	0.0	0.0	0.0	0.0	0.0	0.0	0.0	0.0	0.0	0.0	0.0	0.0	0.0	0.0	0.0	0.0	0.0	0.0	0.0	0.0	0.0	0.0	0.0	0.0	0.0	0.0
G3-47	0.16487367426737964	-0.01777883228236208	0.06894551502144726	-0.032844931673443586	0.052217148331716506	0.07163745350712414	0.03956535488781268	-0.0015790935099032732	0.023270158835770025	-0.06852500350341383	-0.004813869080497137	-0.0195543473551895	0.03378077241615522	0.009340260028306884	0.011051358304404903	0.010553133869025538	0.003263241398893779	0.004854807969570906	-0.027490186446681778	-0.021050169063546346	0.006336629286634451	-0.007923453946232591	-0.011468658524470836	0.0035313219393260727	-0.0036412555303971424	-0.010799720183477612	0.001122219328796818	-0.003401709049050621	0.00976246302041947	0.0026589383126173955	-0.005437556616660924	0.003773789521251294	0.0013495723761436957	-0.0018242869187174448	-0.0	0.0	-0.0	0.0	-0.0	0.0	-0.0	0.0	0.0	0.0	0.0	0.0	0.0	0.0	0.0	0.0	0.0	0.0	0.0	0.0	0.0	0.0	0.0	0.0	0.0	0.0	0.0	0.0	0.0	0.0	0.0	0.0	0.0	0.0	0.0	0.0	0.0	0.0	0.0	0.0	0.0	0.0	0.0	0.0	0.0	0.0	0.0	0.0	0.0	0.0	0.0	0.0	0.0	0.0	0.0	0.0	0.0	0.0
G3-48	0.1294075732506321	-0.11705872227466767	0.06765105748361924	0.22982533489026516	-0.0996518110591398	0.15844675165704794	-0.038651052191345216	0.03501726862089581	-0.08749134152967522	-0.07910887958727596	0.056152355874463336	0.015668325083223803	-0.06749436998082377	0.0016059034501050692	-0.07259725164807576	0.02634310961276649	-0.016206687322713076	-0.02914331611581014	-0.0026751079989973457	0.003029440628913399	-0.0008424161123219609	-0.009901081809487424	0.0019249161764268536	-0.010666421401101595	-0.003531943297391672	-0.0019124621420157492	4.526357202294376e-05	0.0036874665828012776	0.0027259858029373327	0.0005809993014070248	-0.0017157217577278173	0.000435521950073691	4.016668942693826e-05	-0.0005765609763344605	0.0	0.0	-0.0	-0.0	-0.0	-0.0	0.0	-0.0	0.0	0.0	0.0	0.0	0.0	0.0	0.0	0.0	0.0	0.0	0.0	0.0	0.0	0.0	0.0	0.0	0.0	0.0	0.0	0.0	0.0	0.0	0.0	0.0	0.0	0.0	0.0	0.0	0.0	0.0	0.0	0.0	0.0	0.0	0.0	0.0	0.0	0.0	0.0	0.0	0.0	0.0	0.0	0.0	0.0	0.0	0.0	0.0	0.0	0.0
G3-49	-0.26998324458701495	0.006790051755859479	0.1610238223218302	-0.024840973393880243	-0.03729785776030351	-0.04471785831351977	-0.13157802644752442	-0.03617776096024071	0.03384707376437282	-0.016606231123629467	0.07579251417318464	-0.040665869388162586	-0.03321312707459294	-0.034736864026875376	0.08795452287131085	-0.0054085137389317485	0.030214552102938885	0.017798854966287407	-0.013736951940954758	0.008390331681527329	0.034343392537750754	-0.010945341704680799	0.0023543940769812683	-0.022898749132324127	-0.01465612010167573	-0.014971747178847871	0.007510189514205409	0.010932704632763737	-0.00017642626113629258	0.0012563697892968375	-0.0028336474036836775	-0.0008274221299288974	9.526101962020171e-05	-0.001059175843573193	0.0	-0.0	-0.0	-0.0	-0.0	-0.0	0.0	-0.0	0.0	0.0	0.0	0.0	0.0	0.0	0.0	0.0	0.0	0.0	0.0	0.0	0.0	0.0	0.0	0.0	0.0	0.0	0.0	0.0	0.0	0.0	0.0	0.0	0.0	0.0	0.0	0.0	0.0	0.0	0.0	0.0	0.0	0.0	0.0	0.0	0.0	0.0	0.0	0.0	0.0	0.0	0.0	0.0	0.0	0.0	0.0	0.0	0.0	0.0
G3-51	-0.2251581242216983	0.011605639700634785	0.027259772846586348	-0.011562393199205667	0.06772193656716116	0.04214474099927527	-0.02033665436392444	0.005779724252058426	0.03387914982193701	-0.045209095957628904	0.0015773928021452861	0.02830393967132624	0.009529150142200743	0.02814121787889032	0.007492170345736391	0.02194336452970546	-0.025157584886110824	-0.002583668394297225	0.015303352580919895	0.005578785760245407	0.007665015768733512	-0.008313135745819397	-0.009509453596103223	0.012535411626119326	-0.0005955326075728359	-0.003795401647627607	-0.0005194181796375222	0.00030765812578839905	-0.000724027530048541	0.0009957302099381938	-0.0004906992620562674	0.0017970176756098282	-0.00428580004814207	-0.0006939978104282009	0.0	-0.0	-0.0	-0.0	-0.0	-0.0	0.0	-0.0	0.0	0.0	0.0	0.0	0.0	0.0	0.0	0.0	0.0	0.0	0.0	0.0	0.0	0.0	0.0	0.0	0.0	0.0	0.0	0.0	0.0	0.0	0.0	0.0	0.0	0.0	0.0	0.0	0.0	0.0	0.0	0.0	0.0	0.0	0.0	0.0	0.0	0.0	0.0	0.0	0.0	0.0	0.0	0.0	0.0	0.0	0.0	0.0	0.0	0.0
G3-52	-0.23416016784244123	0.019606531853716854	0.026840222368452807	-0.00438805334332376	0.0695417669495255	0.03974326159974617	-0.02228911070021442	0.0120388863433093	0.029525236736677583	-0.04474786599018216	0.015182172562376094	0.019198970433815448	0.015708970298620034	0.01516026349429092	0.008195577543505134	0.029435343054998012	0.004015674121432887	0.005504288897768764	-0.015241304811030174	0.013072882402853153	-0.009554901322615874	0.005062317024387343	0.0003336018814724123	0.007684292601073858	-0.004214180806259428	0.003167818647357059	0.0013095212829676759	0.006096323552688396	0.001021494509741904	0.008782615007687209	0.0041804181447441975	-0.0017703692968857503	0.00934180049374775	0.0020095733557270396	0.0	0.0	-0.0	-0.0	-0.0	-0.0	0.0	0.0	0.0	0.0	0.0	0.0	0.0	0.0	0.0	0.0	0.0	0.0	0.0	0.0	0.0	0.0	0.0	0.0	0.0	0.0	0.0	0.0	0.0	0.0	0.0	0.0	0.0	0.0	0.0	0.0	0.0	0.0	0.0	0.0	0.0	0.0	0.0	0.0	0.0	0.0	0.0	0.0	0.0	0.0	0.0	0.0	0.0	0.0	0.0	0.0	0.0	0.0
G3-53	-0.2205734138777305	0.05262975704121925	0.02910173612886167	-0.0045278437264115266	0.046901349297330724	0.04925673687973824	-0.015530008267196844	-0.013908939863337138	0.03038709878881831	0.0008182348895068728	0.006887919428013743	-0.029365700330801794	0.01898147812997206	0.006257643169379667	0.016402393698735338	0.01824905281408588	-0.051320366412606865	0.005638988472370504	0.02136579583544266	0.011722665403223842	0.002987317205024603	-0.012758145002425562	-0.0019276868199395929	-0.006125403294416343	0.013443692055798371	0.019466071645505036	0.0016249269451454884	0.005359196840226764	0.002679064741445461	-0.0032817366385387947	-0.002098489591896814	-0.0019478024506158827	0.005395433714222566	0.00036715631125141694	-0.0	0.0	-0.0	0.0	-0.0	0.0	-0.0	0.0	0.0	0.0	0.0	0.0	0.0	0.0	0.0	0.0	0.0	0.0	0.0	0.0	0.0	0.0	0.0	0.0	0.0	0.0	0.0	0.0	0.0	0.0	0.0	0.0	0.0	0.0	0.0	0.0	0.0	0.0	0.0	0.0	0.0	0.0	0.0	0.0	0.0	0.0	0.0	0.0	0.0	0.0	0.0	0.0	0.0	0.0	0.0	0.0	0.0	0.0
G3-54	-0.23374742319324016	0.012419419405456484	0.03047148146046173	-0.006017973755992877	0.0702145842065497	0.043953781050959165	-0.024601554585611866	0.006375988341457417	0.03311157601841707	-0.04146878804079913	0.008694152210376185	0.024255172495974066	0.00675055506889607	0.02088745657050718	0.006613571739622156	0.031156004897798812	0.008413887209427241	0.002352403952227685	-0.014750002805965362	0.02062191602329155	0.0011071460510218556	0.004757390661796996	-0.0045147238156807365	0.007474513016409288	-0.0012862322070387264	-0.006937240959919523	-0.0053127139327140025	-0.006268731795457963	0.0006372303760160358	-0.004510539382376667	0.000274205471766698	-0.0011271499562457768	-0.0041134854026278625	-0.00024776662811326394	-0.0	-0.0	-0.0	0.0	-0.0	0.0	-0.0	-0.0	0.0	0.0	0.0	0.0	0.0	0.0	0.0	0.0	0.0	0.0	0.0	0.0	0.0	0.0	0.0	0.0	0.0	0.0	0.0	0.0	0.0	0.0	0.0	0.0	0.0	0.0	0.0	0.0	0.0	0.0	0.0	0.0	0.0	0.0	0.0	0.0	0.0	0.0	0.0	0.0	0.0	0.0	0.0	0.0	0.0	0.0	0.0	0.0	0.0	0.0
G3-56	-0.23403650013947133	0.05214959758448437	0.03213599684116669	0.002572171107193947	0.049910795921286416	0.04934949445096695	-0.019729097655101942	-0.013096525565826708	0.030493979812543967	0.004639885020823961	0.013985108893324777	-0.033586337487380276	0.014605153267526564	-0.002700166662166293	0.015829586233487642	0.028295345235370136	-0.013548088818034407	0.0071808574274733455	-0.010392125067453588	0.02699142750024966	-0.005761435970995384	-0.0005938840459686176	0.0011482480372473607	-0.01290936915722056	0.009981842457569891	0.010742581636518195	-0.0026413768220521863	-0.001458451604265033	-0.0004640395097314341	0.0035740350427292795	0.006181307581676246	0.003473283495397754	-0.002868887817049052	0.0013550792892627166	-0.0	0.0	-0.0	0.0	-0.0	0.0	-0.0	-0.0	0.0	0.0	0.0	0.0	0.0	0.0	0.0	0.0	0.0	0.0	0.0	0.0	0.0	0.0	0.0	0.0	0.0	0.0	0.0	0.0	0.0	0.0	0.0	0.0	0.0	0.0	0.0	0.0	0.0	0.0	0.0	0.0	0.0	0.0	0.0	0.0	0.0	0.0	0.0	0.0	0.0	0.0	0.0	0.0	0.0	0.0	0.0	0.0	0.0	0.0
G3-61	-0.23623696014228834	0.08513717347550805	0.017857099889236422	0.028836005516529838	0.06042896811389024	0.02666071175133734	-0.05232637225239369	-0.029868862162547735	0.02378362071047936	-0.0034794051973567556	0.019850616399115298	-0.05840046587469095	-0.021414923069943272	-0.012498680074799491	-0.020824663030431508	-0.03132051162978127	0.051402739599922136	-0.005416616166767172	0.009232430150296273	-0.005470695732135905	-0.04782891631646241	0.008526505234777144	0.01447616540379828	0.0367996252729499	-0.01619041160964041	0.01908191976984396	0.01908881185864149	-0.0007595832135701252	0.003385276185335152	-0.005053777166103508	-0.0024589659701067	0.00040516610495990225	-0.002103412384006107	-0.0009238112702295888	-0.0	-0.0	-0.0	0.0	-0.0	0.0	-0.0	-0.0	0.0	0.0	0.0	0.0	0.0	0.0	0.0	0.0	0.0	0.0	0.0	0.0	0.0	0.0	0.0	0.0	0.0	0.0	0.0	0.0	0.0	0.0	0.0	0.0	0.0	0.0	0.0	0.0	0.0	0.0	0.0	0.0	0.0	0.0	0.0	0.0	0.0	0.0	0.0	0.0	0.0	0.0	0.0	0.0	0.0	0.0	0.0	0.0	0.0	0.0
G3-62	-0.21604888799446403	0.14540966761613194	-0.06339297738403135	0.059251037015010784	0.022330228861867276	-0.040636234242394424	-0.037060669958583314	0.0014560979474088722	-0.019479779386883587	-0.0018328328822451842	0.05768141337522943	0.00013868999922301187	-0.005735330819613723	-0.027913587795416066	-0.008259418552341895	-0.00967873372341554	0.014049060026859047	0.0023163669910184082	-0.011247812792336592	0.008698216150074708	0.004094449747953942	0.006037876420654669	0.001324790644163105	-0.010986339856361108	-0.0026365508195577442	-0.006865125764940442	0.0015997445157065779	0.014660280409021136	0.006593907213907954	-0.007893468496042565	0.00862822805345801	0.00319629595521416	-0.0031737527015238474	0.0023129750073875477	-0.0	-0.0	-0.0	0.0	-0.0	0.0	-0.0	0.0	0.0	0.0	0.0	0.0	0.0	0.0	0.0	0.0	0.0	0.0	0.0	0.0	0.0	0.0	0.0	0.0	0.0	0.0	0.0	0.0	0.0	0.0	0.0	0.0	0.0	0.0	0.0	0.0	0.0	0.0	0.0	0.0	0.0	0.0	0.0	0.0	0.0	0.0	0.0	0.0	0.0	0.0	0.0	0.0	0.0	0.0	0.0	0.0	0.0	0.0
G3-63	-0.21795935098538055	0.046406534912115584	-0.007761570075087049	0.014124457709525985	0.018326716221812464	0.03740512550570941	-0.016705221759334997	-0.019430479712627156	0.011239695439031347	0.03372611894167667	0.03178179758362561	0.016624686472870714	-0.05465811136257609	-0.01110977278429867	0.015715224620022433	-0.0024600098593503886	0.008998800551310098	0.005632907113391213	-0.02941893981309618	-0.013711511740553435	0.010596369210191367	-0.005339061532937154	-0.011250244338759137	-0.001821588020463675	0.015836145514504518	0.013656202484230053	0.012580245999825504	-0.015509211043411178	0.00880403882649236	2.668989903603937e-05	-0.006236343651170036	0.0031314975563885993	-0.0026296728652838823	-0.0017537381320451718	0.0	-0.0	-0.0	-0.0	-0.0	-0.0	0.0	-0.0	0.0	0.0	0.0	0.0	0.0	0.0	0.0	0.0	0.0	0.0	0.0	0.0	0.0	0.0	0.0	0.0	0.0	0.0	0.0	0.0	0.0	0.0	0.0	0.0	0.0	0.0	0.0	0.0	0.0	0.0	0.0	0.0	0.0	0.0	0.0	0.0	0.0	0.0	0.0	0.0	0.0	0.0	0.0	0.0	0.0	0.0	0.0	0.0	0.0	0.0
G3-64	-0.19735446520773609	0.053375921921674924	-0.02146827244748744	0.014485333418655228	0.022285903563051376	0.022669693910821683	-0.027457948130381864	-0.03572359822675217	0.0005517790772400478	0.033607814698128485	0.0067558431043308114	0.017621556427339532	-0.07352865850446506	0.007030850556135533	-0.0021614624138908216	-0.020143401647277685	-0.0166562362722863	-0.007051133744746311	0.021871289822727975	-0.006229616096863028	0.0036752214241149183	-0.006976883152203124	-0.0019674591525603072	-0.0006198865841596085	-0.005525405153610373	-0.0027790002127084453	0.0022577425835038517	0.008686107036175532	-0.0024925203571304817	0.004237603575140206	0.005189927903812303	0.003920890260623441	-0.0033960534404964037	-0.0002832908036731972	-0.0	-0.0	-0.0	0.0	-0.0	0.0	-0.0	-0.0	0.0	0.0	0.0	0.0	0.0	0.0	0.0	0.0	0.0	0.0	0.0	0.0	0.0	0.0	0.0	0.0	0.0	0.0	0.0	0.0	0.0	0.0	0.0	0.0	0.0	0.0	0.0	0.0	0.0	0.0	0.0	0.0	0.0	0.0	0.0	0.0	0.0	0.0	0.0	0.0	0.0	0.0	0.0	0.0	0.0	0.0	0.0	0.0	0.0	0.0
G3-65	-0.20819757020590318	0.055143413116577465	-0.017795537132277585	0.021084190083457383	0.025684581986666805	0.02509888237120714	-0.033382803334297315	-0.03587019446731919	0.0004552764377554458	0.03826329759286812	0.013464921004345813	0.013135427130449125	-0.07692966278024511	0.00018915181455259034	-0.003622535695500589	-0.009654020611859122	0.020091726183945342	-0.003119397184121432	-0.008592118424733461	0.009466327115307819	-0.005900140326277919	0.0065361672467825985	0.005092554159092983	-0.004039376135563937	-0.003547094730691387	-0.004901794520397068	-0.007357720616369187	0.004978597260853346	-0.006110581838091169	-0.0008205800852104762	-0.00014545933175689267	-0.005159339670889091	0.005262743240921576	0.0002750004619189274	0.0	0.0	-0.0	-0.0	-0.0	-0.0	0.0	0.0	0.0	0.0	0.0	0.0	0.0	0.0	0.0	0.0	0.0	0.0	0.0	0.0	0.0	0.0	0.0	0.0	0.0	0.0	0.0	0.0	0.0	0.0	0.0	0.0	0.0	0.0	0.0	0.0	0.0	0.0	0.0	0.0	0.0	0.0	0.0	0.0	0.0	0.0	0.0	0.0	0.0	0.0	0.0	0.0	0.0	0.0	0.0	0.0	0.0	0.0
G3-66	-0.2253328009767669	0.14903477539340912	-0.06081657615333873	0.06711918460070364	0.0249788451732077	-0.04194568879665892	-0.04400349623519329	-0.0026242695366723765	-0.016894325185020636	0.003380274126948469	0.06492575586469324	-0.00041267799188507307	-0.014279894944920872	-0.03420987687589415	-0.008732070055110772	-0.015869638739147516	0.022126088626804964	0.007055941391104117	-0.006625061119594221	0.008257891651782992	-0.0002556973060828634	0.010436783006359928	-0.0019833136640902823	0.009213957578539012	0.011982968727758772	-0.004374970140219726	-0.014754589393530061	-0.02144147727796062	-0.012773030020092111	0.015646657622712876	-0.0022034350168847368	-0.0012927919735907223	0.0012779899365607545	-0.0008590752436563726	0.0	-0.0	-0.0	-0.0	-0.0	-0.0	0.0	-0.0	0.0	0.0	0.0	0.0	0.0	0.0	0.0	0.0	0.0	0.0	0.0	0.0	0.0	0.0	0.0	0.0	0.0	0.0	0.0	0.0	0.0	0.0	0.0	0.0	0.0	0.0	0.0	0.0	0.0	0.0	0.0	0.0	0.0	0.0	0.0	0.0	0.0	0.0	0.0	0.0	0.0	0.0	0.0	0.0	0.0	0.0	0.0	0.0	0.0	0.0
G3-710	0.11310211285169632	0.16416247503418893	-0.06595191079445087	-0.002725183981495649	-0.060188693274352834	-0.0013100432411526353	-0.03529222935744268	0.02738715896825159	0.0163671980911127	0.005276951869165932	-0.0170628149163258	-0.005876312422348044	0.0140541781555318	0.00040176477059990136	-0.00652570377282023	-0.006570370518744085	-0.013944586974847668	0.006999910747153291	-0.002604157672579765	0.01693380833778994	-0.0031952953006611274	0.005140248992846582	-0.0018543637238862657	-0.00035489635532086767	-0.0027255814942252956	-0.0026337152797321793	0.0020367080189089303	0.000410912795060551	0.00604396378013672	0.004626311643361694	-0.0015515617963413162	-0.003410847807595422	-0.0010761163924949302	-0.00011750172462402352	-0.0	-0.0	-0.0	-0.0	-0.0	-0.0	-0.0	0.0	0.0	0.0	0.0	0.0	0.0	0.0	0.0	0.0	0.0	0.0	0.0	0.0	0.0	0.0	0.0	0.0	0.0	0.0	0.0	0.0	0.0	0.0	0.0	0.0	0.0	0.0	0.0	0.0	0.0	0.0	0.0	0.0	0.0	0.0	0.0	0.0	0.0	0.0	0.0	0.0	0.0	0.0	0.0	0.0	0.0	0.0	0.0	0.0	0.0	0.0
G3-711	0.21604168886825695	0.11973034416487456	-0.03262811786324669	0.035650993471209105	0.0001411185560137448	-0.015938399980938555	0.02663248293209388	-0.029333034065909022	-0.03130166255710945	-0.0030072098418732836	0.03047779680095503	-0.02842121180836255	0.006348072105748629	-0.01710196718731627	0.005363190058648744	0.000942944479281184	-0.00596504185487533	0.0016055607788356572	-0.002384010829347782	0.002328938769405603	0.002607262713582567	-0.004296284148764666	-0.003608155177733241	-0.0016304940868122008	9.689367061565769e-05	-0.0003723440421750122	-0.00010341738156973143	-0.0007623260456660905	0.0020053137243512386	0.0009157531967464653	9.439807776078924e-05	-0.0025858531145584933	-0.0011251429911074283	0.00038501802844534573	0.0	-0.0	-0.0	-0.0	-0.0	-0.0	0.0	-0.0	0.0	0.0	0.0	0.0	0.0	0.0	0.0	0.0	0.0	0.0	0.0	0.0	0.0	0.0	0.0	0.0	0.0	0.0	0.0	0.0	0.0	0.0	0.0	0.0	0.0	0.0	0.0	0.0	0.0	0.0	0.0	0.0	0.0	0.0	0.0	0.0	0.0	0.0	0.0	0.0	0.0	0.0	0.0	0.0	0.0	0.0	0.0	0.0	0.0	0.0
G3-712	0.18804625882634657	0.031264304801803894	0.010179305967999666	0.0022476022848287847	-0.0004360727151506471	0.039854640529756576	0.024486400832347797	-0.05409086109089097	-0.006261540289791756	0.03064253144082108	-0.0047986475518641105	-0.01543607964566862	-0.03312135710740206	0.001713821753262271	0.009518911731860265	0.005453014152747245	-0.006299006894077193	0.00019929534902555699	-0.002750501659883631	0.007591679666521399	0.004642737720924122	-0.005421462327056066	-0.005784213497620232	-0.0010397616117590108	-0.004543531399274574	0.005577078675974239	-0.006366884418870347	-0.0008773221703158806	-0.00574041145928204	-0.005181943868562985	-0.0008796545718733224	0.008573677484118325	0.002954062922507549	-0.000724214820162912	-0.0	0.0	-0.0	0.0	-0.0	0.0	-0.0	0.0	0.0	0.0	0.0	0.0	0.0	0.0	0.0	0.0	0.0	0.0	0.0	0.0	0.0	0.0	0.0	0.0	0.0	0.0	0.0	0.0	0.0	0.0	0.0	0.0	0.0	0.0	0.0	0.0	0.0	0.0	0.0	0.0	0.0	0.0	0.0	0.0	0.0	0.0	0.0	0.0	0.0	0.0	0.0	0.0	0.0	0.0	0.0	0.0	0.0	0.0
G3-713	0.20791271594370758	0.01650159073399207	0.04367099251257046	0.002180642288070635	0.04159642656792635	0.016551485331336695	0.012594610671649156	-0.0019628599033138807	-0.032520877787393314	0.09243252525312155	-0.028802825253308302	-0.007528921889218356	-0.0221088733024952	-0.015067597621031647	0.0038838877272833784	0.00037862498300813256	-0.008160347488700492	-0.0010150944435171668	-0.0033022448126111214	0.0003733819722505527	0.001923195288881702	0.0001080500176925877	-0.0033943951027969993	-0.006900724583030133	0.005221975046810575	0.011209349682115156	0.0009355894637993475	0.003022049250654538	-2.0014247714196982e-05	0.0002906350338249389	-0.0007583547666549029	-9.046668157371226e-05	-0.0008830848368622547	-0.00023141170867743726	0.0	0.0	-0.0	-0.0	-0.0	-0.0	0.0	-0.0	0.0	0.0	0.0	0.0	0.0	0.0	0.0	0.0	0.0	0.0	0.0	0.0	0.0	0.0	0.0	0.0	0.0	0.0	0.0	0.0	0.0	0.0	0.0	0.0	0.0	0.0	0.0	0.0	0.0	0.0	0.0	0.0	0.0	0.0	0.0	0.0	0.0	0.0	0.0	0.0	0.0	0.0	0.0	0.0	0.0	0.0	0.0	0.0	0.0	0.0
G3-714	0.2429132389132557	0.07102138969966965	-0.008438548243506531	0.03011694374653641	0.06624562322036341	-0.06104315264639291	0.011431644162048072	0.0684818430215193	-0.055857932493492676	0.002135462783649902	0.002091285909201681	0.03775380461816843	0.03939082714540339	-0.027914039486460943	-0.01277430856170983	-0.008209598105667102	-0.0064381684660346165	-0.002729738906255116	-0.005776952167648039	-0.008554949699282687	-0.0003120364808240619	0.002545207881267789	-0.002731567194271248	-0.0043560831267540415	-0.004609518636227384	-0.0027011666331200937	0.0015953768512711746	-6.9118390211697145e-06	-0.0019575135685686996	-0.0008260778660275218	0.00023731279797880857	-0.0009286921902226836	-0.0003988929166831313	7.483342142947834e-05	0.0	-0.0	0.0	0.0	-0.0	-0.0	0.0	-0.0	0.0	0.0	0.0	0.0	0.0	0.0	0.0	0.0	0.0	0.0	0.0	0.0	0.0	0.0	0.0	0.0	0.0	0.0	0.0	0.0	0.0	0.0	0.0	0.0	0.0	0.0	0.0	0.0	0.0	0.0	0.0	0.0	0.0	0.0	0.0	0.0	0.0	0.0	0.0	0.0	0.0	0.0	0.0	0.0	0.0	0.0	0.0	0.0	0.0	0.0
G3-715	0.21318593134563604	-0.0234282173876061	0.039016189291571426	-0.006729343943296805	0.060322278563940714	0.005051671664390151	0.015307754057063314	0.03084734829125812	-0.028449564768876525	0.0308704647792945	-0.03627763269218346	0.045156155786825296	-0.013455453784861581	0.004659819847406383	-0.005955360471481128	-0.0019644639048638397	-0.005278233192745055	-0.0006659230382278169	-0.007045150199986959	0.0038239334575188443	-0.006358557640376999	-0.0033282180612693646	-0.008156467722613974	-0.005216411066703	-0.009186970515768403	0.005801044605868127	0.0015115852532958027	-0.0005523037978228258	-0.00670408399301068	1.0130199004286414e-05	0.00013894436494938216	-0.0020144281560456286	-0.001151393022530542	-0.0007315862130600094	-0.0	-0.0	-0.0	0.0	-0.0	0.0	-0.0	0.0	0.0	0.0	0.0	0.0	0.0	0.0	0.0	0.0	0.0	0.0	0.0	0.0	0.0	0.0	0.0	0.0	0.0	0.0	0.0	0.0	0.0	0.0	0.0	0.0	0.0	0.0	0.0	0.0	0.0	0.0	0.0	0.0	0.0	0.0	0.0	0.0	0.0	0.0	0.0	0.0	0.0	0.0	0.0	0.0	0.0	0.0	0.0	0.0	0.0	0.0
G3-716	0.18829371927253455	0.05760842999577441	0.16286903155550891	0.17239789268048888	-0.013023883837287255	-0.289885704931399	0.10830847716046495	0.136517097617271	0.0789348685318431	-0.020184704268238776	0.0004382472135113089	-0.0175841057966493	-0.05849907783197309	0.09151624256320055	-0.0003435731376172937	0.004803803708476279	0.007550732743064356	0.020104030704573287	-0.009542842747683663	0.02079463999916159	-0.02044160318905109	-0.007365788438905217	-0.008140482076194574	-0.0019691760950595986	0.004399995404506129	0.004734984471152009	-0.0016050810448849243	0.0020849924826716352	0.004423006208115738	-0.00015023304544620376	5.280563777478227e-05	0.0013580241375238038	0.0010305660100612063	0.0001381812520001818	0.0	0.0	-0.0	-0.0	-0.0	-0.0	0.0	0.0	0.0	0.0	0.0	0.0	0.0	0.0	0.0	0.0	0.0	0.0	0.0	0.0	0.0	0.0	0.0	0.0	0.0	0.0	0.0	0.0	0.0	0.0	0.0	0.0	0.0	0.0	0.0	0.0	0.0	0.0	0.0	0.0	0.0	0.0	0.0	0.0	0.0	0.0	0.0	0.0	0.0	0.0	0.0	0.0	0.0	0.0	0.0	0.0	0.0	0.0
G3-717	0.2131859321675439	-0.023428218944170704	0.03901619040140382	-0.00672934424735852	0.060322279688230916	0.005051674597596021	0.01530774831143658	0.030847348025735563	-0.028449563017019022	0.03087046690043602	-0.03627763082881051	0.04515615576748003	-0.01345545430588843	0.004659814242814877	-0.005955357280638876	-0.0019644611571789008	-0.005278231250248237	-0.0006659196348363704	-0.0070451478965662855	0.0038239368900387727	-0.006358553660325101	-0.0033282192750858173	-0.008156466619028399	-0.005216394800058086	-0.009186961690325119	0.005801035463374306	0.001511573841723762	-0.0005523056512808683	-0.006704091800075713	1.0103717761961467e-05	0.00013896406752045623	-0.002014398390715545	-0.0011513567024795939	-0.0007315747326687832	0.0	0.0	-0.0	-0.0	-0.0	-0.0	0.0	-0.0	0.0	0.0	0.0	0.0	0.0	0.0	0.0	0.0	0.0	0.0	0.0	0.0	0.0	0.0	0.0	0.0	0.0	0.0	0.0	0.0	0.0	0.0	0.0	0.0	0.0	0.0	0.0	0.0	0.0	0.0	0.0	0.0	0.0	0.0	0.0	0.0	0.0	0.0	0.0	0.0	0.0	0.0	0.0	0.0	0.0	0.0	0.0	0.0	0.0	0.0
G3-718	0.2429132389132557	0.07102138969966965	-0.008438548243506568	0.030116943746536375	0.06624562322036345	-0.061043152646392825	0.011431644162048036	0.06848184302151926	-0.055857932493492704	0.002135462783649956	0.002091285909201673	0.03775380461816847	0.03939082714540339	-0.027914039486461047	-0.01277430856170983	-0.008209598105667097	-0.006438168466034707	-0.002729738906255153	-0.005776952167648001	-0.008554949699282754	-0.000312036480823818	0.0025452078812678207	-0.0027315671942713987	-0.0043560831267537735	-0.00460951863622717	-0.0027011666331203683	0.0015953768512710945	-6.911839021284883e-06	-0.0019575135685687066	-0.0008260778660276921	0.00023731279797882193	-0.0009286921902218533	-0.0003988929166833587	7.483342142769932e-05	-0.0	-0.0	-0.0	-0.0	-0.0	0.0	-0.0	-0.0	0.0	0.0	0.0	0.0	0.0	0.0	0.0	0.0	0.0	0.0	0.0	0.0	0.0	0.0	0.0	0.0	0.0	0.0	0.0	0.0	0.0	0.0	0.0	0.0	0.0	0.0	0.0	0.0	0.0	0.0	0.0	0.0	0.0	0.0	0.0	0.0	0.0	0.0	0.0	0.0	0.0	0.0	0.0	0.0	0.0	0.0	0.0	0.0	0.0	0.0
G3-77	0.11310211285169634	0.164162475034189	-0.06595191079445087	-0.002725183981495643	-0.06018869327435281	-0.001310043241152615	-0.03529222935744267	0.0273871589682516	0.01636719809111267	0.005276951869165994	-0.017062814916325813	-0.005876312422348035	0.014054178155531793	0.0004017647705998582	-0.006525703772820226	-0.0065703705187441985	-0.01394458697484765	0.00699991074715335	-0.0026041576725798167	0.01693380833778996	-0.003195295300661084	0.00514024899284659	-0.001854363723886351	-0.00035489635532096194	-0.002725581494225357	-0.002633715279732307	0.002036708018908916	0.0004109127950605015	0.0060439637801366205	0.004626311643361595	-0.0015515617963415076	-0.0034108478075955584	-0.0010761163924951388	-0.00011750172462469048	-0.0	-0.0	-0.0	0.0	-0.0	0.0	0.0	0.0	0.0	0.0	0.0	0.0	0.0	0.0	0.0	0.0	0.0	0.0	0.0	0.0	0.0	0.0	0.0	0.0	0.0	0.0	0.0	0.0	0.0	0.0	0.0	0.0	0.0	0.0	0.0	0.0	0.0	0.0	0.0	0.0	0.0	0.0	0.0	0.0	0.0	0.0	0.0	0.0	0.0	0.0	0.0	0.0	0.0	0.0	0.0	0.0	0.0	0.0
G3-78	0.216041687653636	0.11973034645311709	-0.03262811902957339	0.035650994269939784	0.0001411167057569017	-0.01593840303493036	0.026632488933419764	-0.029333034426508135	-0.031301664319232134	-0.0030072127320105897	0.030477794758424107	-0.028421211407176326	0.006348072296735188	-0.01710196064585893	0.005363187016569913	0.0009429424357591631	-0.005965043850647013	0.001605557195220046	-0.0023840143050698165	0.002328932492116145	0.0026072577943074314	-0.0042962839402041425	-0.0036081573501543034	-0.0016305097634404981	9.68871169969976e-05	-0.00037233371339421753	-0.0001034046120813551	-0.000762323090623799	0.0020053087740010598	0.0009157727580609211	9.438129153134677e-05	-0.0025858793797795348	-0.0011251824307461882	0.0003850034488302254	-0.0	0.0	0.0	-0.0	-0.0	0.0	0.0	0.0	0.0	0.0	0.0	0.0	0.0	0.0	0.0	0.0	0.0	0.0	0.0	0.0	0.0	0.0	0.0	0.0	0.0	0.0	0.0	0.0	0.0	0.0	0.0	0.0	0.0	0.0	0.0	0.0	0.0	0.0	0.0	0.0	0.0	0.0	0.0	0.0	0.0	0.0	0.0	0.0	0.0	0.0	0.0	0.0	0.0	0.0	0.0	0.0	0.0	0.0
G3-79	0.11310211285169634	0.164162475034189	-0.06595191079445088	-0.0027251839814956477	-0.06018869327435281	-0.0013100432411526	-0.035292229357442695	0.027387158968251554	0.016367198091112624	0.005276951869165974	-0.017062814916325802	-0.005876312422348028	0.01405417815553181	0.00040176477059990836	-0.006525703772820248	-0.006570370518744085	-0.013944586974847782	0.00699991074715331	-0.0026041576725797434	0.016933808337789874	-0.0031952953006610598	0.005140248992846644	-0.0018543637238864115	-0.00035489635532091044	-0.002725581494225264	-0.0026337152797321077	0.0020367080189091554	0.00041091279506029336	0.006043963780136819	0.004626311643361769	-0.0015515617963415213	-0.003410847807595689	-0.001076116392495375	-0.00011750172462427779	0.0	-0.0	0.0	-0.0	-0.0	-0.0	-0.0	0.0	0.0	0.0	0.0	0.0	0.0	0.0	0.0	0.0	0.0	0.0	0.0	0.0	0.0	0.0	0.0	0.0	0.0	0.0	0.0	0.0	0.0	0.0	0.0	0.0	0.0	0.0	0.0	0.0	0.0	0.0	0.0	0.0	0.0	0.0	0.0	0.0	0.0	0.0	0.0	0.0	0.0	0.0	0.0	0.0	0.0	0.0	0.0	0.0	0.0	0.0
G3-81	0.08367774733646664	0.0796055297057881	-0.02993638764104606	-0.031182027371400262	-0.0615405088383637	0.05921935342395563	-0.04105256891695175	-0.006459152833437612	0.05060726787501761	0.0388620950342246	-0.062496725515110575	0.0045867731066413	-0.05278341894285948	0.017397375922910917	0.003944345200910067	-0.0031181384637299476	0.020450768458051213	-0.013960786009046761	-0.004030588679866449	-0.019992082388656986	0.0018691563678434524	-0.008878574803327299	-0.005165332723859898	-0.004248879072613598	0.0032487954217495377	0.005729188171082149	0.0005928429042457274	-0.000991961636890903	-0.0020389747459602153	-0.0006225751487792283	0.00018704191710101868	0.0004019346214542671	-0.00024188377311305304	-0.0001729265408536427	0.0	-0.0	-0.0	-0.0	-0.0	-0.0	0.0	-0.0	0.0	0.0	0.0	0.0	0.0	0.0	0.0	0.0	0.0	0.0	0.0	0.0	0.0	0.0	0.0	0.0	0.0	0.0	0.0	0.0	0.0	0.0	0.0	0.0	0.0	0.0	0.0	0.0	0.0	0.0	0.0	0.0	0.0	0.0	0.0	0.0	0.0	0.0	0.0	0.0	0.0	0.0	0.0	0.0	0.0	0.0	0.0	0.0	0.0	0.0
G3-82	0.09845997155619074	0.1686012686770538	-0.07220889835146167	0.0017817657091295967	-0.06727359185688239	-0.003029527103087866	-0.04260582850853664	0.02513967616241347	0.026785054504412046	-0.003480180806378384	-0.01669312773780921	-0.004023914114313213	2.6081697809129226e-05	-0.007825746648811359	-0.0008877066293353079	-0.010063272539150504	0.022848907911254317	-0.01254256266907522	0.003742967930561302	-0.030344443171867273	0.009546511193038851	-0.00870994711263549	-0.0015390910997462987	-0.0023469561204417597	0.008177138198025704	0.006520237033137431	-0.0005138481888421047	-0.00034440393874420424	-0.0003996600191023268	-0.0010379236331518838	0.00397561773061433	-0.0009865200577032936	0.0006447116205022615	0.0018914722531064387	0.0	-0.0	-0.0	-0.0	-0.0	-0.0	0.0	0.0	0.0	0.0	0.0	0.0	0.0	0.0	0.0	0.0	0.0	0.0	0.0	0.0	0.0	0.0	0.0	0.0	0.0	0.0	0.0	0.0	0.0	0.0	0.0	0.0	0.0	0.0	0.0	0.0	0.0	0.0	0.0	0.0	0.0	0.0	0.0	0.0	0.0	0.0	0.0	0.0	0.0	0.0	0.0	0.0	0.0	0.0	0.0	0.0	0.0	0.0
G3-83	0.09845997051815254	0.16860127057290716	-0.07220889850825445	0.0017817672056106891	-0.06727359088642275	-0.0030295283030540338	-0.04260582541904585	0.025139677378664	0.026785054901064163	-0.0034801788155321115	-0.016693129463988928	-0.004023911456286609	2.6082579785513414e-05	-0.00782574649249946	-0.0008877083424231267	-0.010063274844529312	0.022848903273207825	-0.012542565040271316	0.0037429660219685783	-0.030344436021512544	0.009546506123542929	-0.008709952211314211	-0.0015390991623245162	-0.002346967160036373	0.008177137438561237	0.006520244227346312	-0.0005138467077178919	-0.00034440483030162864	-0.000399694290719186	-0.0010379074115782162	0.003975624942329718	-0.000986539517814415	0.0006447131324117327	0.001891464418935696	-0.0	0.0	0.0	0.0	-0.0	0.0	-0.0	-0.0	0.0	0.0	0.0	0.0	0.0	0.0	0.0	0.0	0.0	0.0	0.0	0.0	0.0	0.0	0.0	0.0	0.0	0.0	0.0	0.0	0.0	0.0	0.0	0.0	0.0	0.0	0.0	0.0	0.0	0.0	0.0	0.0	0.0	0.0	0.0	0.0	0.0	0.0	0.0	0.0	0.0	0.0	0.0	0.0	0.0	0.0	0.0	0.0	0.0	0.0
G3-84	0.10389578542159632	0.1678396476156416	-0.06768938363377794	-0.0020577504516995234	-0.06151077007170961	0.00011182288607216677	-0.03953657762502467	0.0262880286858022	0.024230041605486086	0.0037300866439963112	-0.016796430104925864	-9.193143750285489e-05	0.019314763671350096	0.002798929221255313	-0.0023363117143888196	0.011939936557258616	-0.011665281131515527	0.001242323378813529	-0.005248653162585438	0.004867844138151953	-0.0044069349052862205	0.005909031292415932	0.005682702473138876	0.0072044536710737725	0.011940972268407147	-0.0003712747951637744	-0.0031401936133847726	0.011651420751292555	-0.011540211631807957	-0.002756545576870676	-0.004964017376388989	0.0039047693654843795	-0.0019437633303310859	-0.0026796190980137385	0.0	-0.0	-0.0	-0.0	-0.0	-0.0	0.0	0.0	0.0	0.0	0.0	0.0	0.0	0.0	0.0	0.0	0.0	0.0	0.0	0.0	0.0	0.0	0.0	0.0	0.0	0.0	0.0	0.0	0.0	0.0	0.0	0.0	0.0	0.0	0.0	0.0	0.0	0.0	0.0	0.0	0.0	0.0	0.0	0.0	0.0	0.0	0.0	0.0	0.0	0.0	0.0	0.0	0.0	0.0	0.0	0.0	0.0	0.0
G3-85	0.12134371373384772	-0.02096140582236501	0.17589352768149533	0.20229835971709526	-0.13845277755986382	0.054712812113308786	0.14833544545931865	-0.12998730393820374	0.22937860590025563	0.09577030759469161	0.064921481605908	0.11293516824206773	0.08621832109714332	-0.040939070813275504	-0.0023834474656767796	-0.029297068213830407	-0.0014805801439686038	-0.015927099830353033	0.0009485577451107456	-0.002253949873815635	-0.0020501951797401293	0.008953512059268316	0.005465363034531742	8.952459595941529e-05	-0.0035214694922945607	-0.0017341273301887308	-0.0017693559205788027	0.000557534234120887	-0.00040918245872531214	-3.399100955101455e-05	4.2305070325929205e-05	-0.000576895805865735	0.00011420174950270338	8.060181453112249e-05	0.0	-0.0	-0.0	-0.0	-0.0	-0.0	0.0	-0.0	0.0	0.0	0.0	0.0	0.0	0.0	0.0	0.0	0.0	0.0	0.0	0.0	0.0	0.0	0.0	0.0	0.0	0.0	0.0	0.0	0.0	0.0	0.0	0.0	0.0	0.0	0.0	0.0	0.0	0.0	0.0	0.0	0.0	0.0	0.0	0.0	0.0	0.0	0.0	0.0	0.0	0.0	0.0	0.0	0.0	0.0	0.0	0.0	0.0	0.0
G3-86	0.10434916649859076	0.16678360158825606	-0.06834204166481032	-0.001968334616537745	-0.06226600318316711	-0.0025126672200120443	-0.03845737524226537	0.028731716913879036	0.021576250991616877	0.006293908145382716	-0.021413125159841284	-0.0032311638983947627	0.016044897521251197	-0.0012826447830448652	-0.006128251991250327	0.000828758745737469	-0.01396349682080036	0.0048490113200280426	-0.005507883156229231	0.008242899667132045	-0.006575073893387414	-0.0022801283375686447	-0.0023100677890587353	-0.0038837828267550938	-0.015018291473360127	-0.00542132685676178	-0.0005896460966443463	-0.011468808056883148	-0.005211121451487386	-0.008511493610568363	0.0015351225961922938	0.008190181081666527	0.0034486262259765615	-0.0006705407994813014	-0.0	0.0	-0.0	0.0	-0.0	0.0	-0.0	-0.0	0.0	0.0	0.0	0.0	0.0	0.0	0.0	0.0	0.0	0.0	0.0	0.0	0.0	0.0	0.0	0.0	0.0	0.0	0.0	0.0	0.0	0.0	0.0	0.0	0.0	0.0	0.0	0.0	0.0	0.0	0.0	0.0	0.0	0.0	0.0	0.0	0.0	0.0	0.0	0.0	0.0	0.0	0.0	0.0	0.0	0.0	0.0	0.0	0.0	0.0

Biplot	0	0

Site constraints	0	0
