Eigvals	19
0.20958022224569095	0.06229434620423474	0.04212069323058547	0.010915357380376245	0.004226153449932657	0.0017411859339479495	0.0007702549591632919	0.00027212616939974177	1.7026270098056398e-06	0.0	0.0	0.0	0.0	0.0	0.0	0.0	0.0	0.0	0.0

Proportion explained	19
0.6314139936485235	0.18767764198870301	0.126899355497344	0.03288530435646084	0.012732367582210295	0.005245767718243334	0.002320589961598221	0.0008198496478142672	5.129599102604857e-06	0.0	0.0	0.0	0.0	0.0	0.0	0.0	0.0	0.0	0.0

Species	0	0

Site	19	19
G1-123	-0.08217415659936232	0.013022374070197625	-0.015050325547628104	0.0029847173889402416	-0.012319442378561835	0.01374554537231534	-0.004698595278277553	0.00029660175115410936	0.0010433047011108576	-0.0	0.0	0.0	0.0	0.0	0.0	0.0	0.0	0.0	0.0
G1-124	-0.07455805352583832	0.012755167455089441	-0.016760661112648463	0.004572622669521358	-0.019555732723046344	0.015700669804653147	-0.007933972233373917	0.0011285590764571287	-0.0007682448996484697	-0.0	0.0	0.0	-0.0	0.0	0.0	0.0	0.0	0.0	0.0
G1-153	0.16344174168585313	-0.03284881756869555	0.011175670600012493	-0.04345308011918788	0.0017952888657018099	0.00097020890967799	-0.00265476505734969	-0.006114939231124192	1.706120951045572e-08	-0.0	0.0	0.0	-0.0	0.0	0.0	0.0	0.0	0.0	0.0
G1-154	0.12342920342518897	0.030418202638069297	-0.004128895852646521	0.051051377298480465	0.012158180176091488	0.0018651930383010663	-0.0010520934574028867	-0.004538449014774657	-2.2354861723755772e-06	-0.0	0.0	0.0	-0.0	0.0	0.0	0.0	0.0	0.0	0.0
G1-155	0.14947614094335954	-0.012583539027523634	-0.031564342891774316	-0.008728576674278838	0.012084778881484022	0.0025638009227597993	0.0016127971076954268	0.003550876421068076	1.1725037937320265e-06	-0.0	-0.0	-0.0	-0.0	0.0	0.0	0.0	0.0	0.0	0.0
G1-156	0.1547562431981659	0.0008338098677841651	0.1383839197177013	0.018190856649706284	-0.001208167478240084	0.0005966426119827959	0.00041421329115549915	0.0027854571023957653	1.4181140232709963e-06	-0.0	0.0	0.0	-0.0	0.0	0.0	0.0	0.0	0.0	0.0
G1-17	0.14947614094335954	-0.012583539027523655	-0.0315643428917743	-0.008728576674278786	0.012084778881483947	0.0025638009227598978	0.0016127971076953331	0.0035508764210683288	1.1725037894623924e-06	-0.0	0.0	0.0	0.0	0.0	0.0	0.0	0.0	0.0	0.0
G1-18	0.08968694417597474	0.19439452821912837	-0.022804314417490697	-0.0228422314431517	-0.012251768853795406	-0.003123393569840157	-0.00010397766842848813	0.00014719119767788783	-1.306687481648423e-07	-0.0	0.0	0.0	-0.0	0.0	0.0	0.0	0.0	0.0	0.0
G3-61	-0.10386329753565357	0.013886066215749913	-0.009589959840131695	-0.0023454063392173564	0.008252473249018805	0.009141176666082636	0.006517393211036347	-0.0011855049596231938	-8.683632305413406e-05	-0.0	-0.0	-0.0	0.0	0.0	0.0	0.0	0.0	0.0	0.0
G3-62	-0.1439412263302108	-0.008430998108740517	0.1264538774251635	-0.021002756591801428	-0.0004424102865160172	8.232070580347321e-05	0.0008277961332247826	0.0014707201587891678	1.1031312795049576e-07	-0.0	0.0	0.0	-0.0	0.0	0.0	0.0	0.0	0.0	0.0
G3-63	-0.10386330009182587	0.013886066381311823	-0.009589959292805272	-0.0023454068865142483	0.008252474384023128	0.009141180201271346	0.0065173887073880785	-0.0011855031845114617	-8.68354673524499e-05	-0.0	0.0	0.0	-0.0	0.0	0.0	0.0	0.0	0.0	0.0
G3-64	-0.08601862266526282	0.01282032018126381	-0.00950862233107113	-0.0017729905380449752	0.007098781245435945	-0.021575449584785498	0.013818214789463065	-0.0018574315774012176	1.2817077203700653e-05	-0.0	0.0	0.0	-0.0	0.0	0.0	0.0	0.0	0.0	0.0
G3-65	-0.12392614611254527	0.014396721791267057	-0.007895128017517357	-0.0056737182909841165	0.036959320182967575	-0.012449012760103502	-0.01794993719898007	0.0007853443272584466	-1.3123520665145179e-05	-0.0	0.0	0.0	-0.0	0.0	0.0	0.0	0.0	0.0	0.0
G3-66	-0.10386329753565357	0.013886066215749913	-0.009589959840131687	-0.0023454063392173746	0.008252473249018838	0.009141176666082574	0.006517393211036412	-0.0011855049596231737	-8.68363230502001e-05	-0.0	-0.0	0.0	-0.0	0.0	0.0	0.0	0.0	0.0	0.0
G3-710	0.022097649572178395	-0.10460950748670117	-0.011300925323700526	-0.033778122981556975	-0.018069581664782893	-0.003917455292811423	-0.0024730043916604653	-0.0048667257853282925	-1.5170716124245647e-06	-0.0	0.0	0.0	-0.0	0.0	0.0	0.0	0.0	0.0	0.0
G3-711	0.018584978675183075	-0.07974449476936986	-0.0503557760445959	-0.012851544662058364	0.0032629078403177054	0.001126302721432778	0.003305763942025743	0.0073178957274382525	2.3700880924707538e-06	-0.0	0.0	0.0	-0.0	0.0	0.0	0.0	0.0	0.0	0.0
G3-712	-0.044257004913122885	0.012582310896112739	-0.018122993075768007	0.004644961414150173	-0.03196674043457113	-0.019116002854849268	-0.0034880936017079563	0.002132604455371855	-1.3002212378555469e-05	-0.0	0.0	0.0	-0.0	0.0	0.0	0.0	0.0	0.0	0.0
G3-78	-0.0024792534012418937	-0.04162807513107587	-0.014414129267222317	0.04126880788099907	-0.004562823148230557	-0.0018127780003188549	-0.0010695978856522102	-0.007637340818860039	-2.1694491181301428e-05	-0.0	0.0	0.0	-0.0	0.0	0.0	0.0	0.0	0.0	0.0
G3-79	-0.0020046839085463594	-0.0404526628120941	-0.013773131995970897	0.043154474238494625	-0.009824789987799168	-0.004643926480413078	0.00028027927211053086	0.005405272892568362	1.80741015157875e-05	-0.0	0.0	0.0	-0.0	0.0	0.0	0.0	0.0	0.0	0.0

Biplot	0	0

Site constraints	0	0
